112142 12.367 1 1
112241 13.817 1 1
112242 12.233 1 1
112243 9.333 1 1
112341 5.517 1 1
112342 20.233 1 1
122641 20.033 1 1
122642 16.717 1 1
122643 11.8 1 1
132741 11.733 1 1
132742 8.783 1 1
132743 11.65 1 1
132841 10.333 1 1
132842 14.083 1 1
132843 11.483 1 1
12527341 11.333 1 1
12527342 25.2 1 1
12527343 13.567 1 1
12527441 6.25 1 1
12527442 10.783 1 1
12527443 6.267 1 1
12527541 15.667 1 1
12527542 7.7 1 1
12627641 7.583 1 1
12627643 9.05 1 1
12627741 4.7 1 1
12627743 4.717 1 1
12627842 4.617 1 1
12928541 9.367 1 2
12928542 6.383 1 2
12928741 9.283 1 2
12928742 4.783 1 2
12928743 8.917 1 2
13028841 8.867 1 2
13029041 5.6 1 3
13029042 7.033 1 3
132941 10.033 1 11
132942 12.817 1 11
132943 11.117 1 11
1421041 9.917 1 11
1421042 8.267 1 11
1421043 8.233 1 11
1421141 10.817 1 11
1421142 12.467 1 11
1421143 16.217 1 11
1421241 13.35 1 11
1421242 10.633 1 11
1421243 12.283 1 11
1521441 5.917 1 11
1521442 5.883 1 11
1521443 5.85 1 11
1521541 15.017 1 11
1621641 16.95 1 11
1621642 15.6 1 11
1621643 14.85 1 11
1621741 13.7 1 21
1621743 16.667 1 21
1621841 13.55 1 21
1621842 15.25 1 21
1621843 15.217 1 21
1721941 7 1 21
1721942 11.333 1 21
1721943 5.117 1 21
1722041 8.417 1 21
1722043 11.15 1 21
1722141 14.75 1 21
1722142 13.033 1 21
1722143 8.233 1 21
1822242 9.333 1 21
1822243 6.433 1 21
1822342 4.45 1 21
1822343 4.433 1 21
1822441 12.5 1 21
1822442 10.467 1 21
1822443 8.933 1 21
1922641 5.8 1 31
1922642 22.017 1 31
1922643 12.1 1 31
1922741 16.5 1 31
1922742 16.483 1 31
1922743 13.633 1 31
11022841 11.85 1 31
11022842 9.85 1 31
11022843 11.8 1 31
11022941 11.717 1 31
11022942 5.367 1 31
11022943 6.51 1 31
11023041 16.083 1 31
11023042 13.25 1 31
11023043 16.033 1 31
11123141 9.5 1 31
11123142 21.317 1 31
11123143 9.45 1 31
11123241 15.8 1 31
11123242 4.933 1 31
11123243 3.117 1 31
11123341 15.583 1 41
11123342 7.517 1 41
11123343 4.75 1 41
11223441 12.633 1 41
11223442 10.933 1 41
11223443 10.917 1 41
11223543 12.433 1 41
11223641 15.167 1 41
11223642 16.683 1 41
11223643 10.633 1 41
11323741 10.55 1 41
11323742 12.183 1 41
11323743 10.5 1 41
11323841 5.567 1 41
11323843 11.967 1 41
11323941 14.633 1 41
11323942 10.1 1 41
11323943 6.483 1 41
11424041 11.633 1 41
11424042 3.6 1 41
11424043 7.967 1 41
11424143 11.35 1 51
11424241 11.2 1 51
11424242 11.2 1 51
11424243 12.383 1 51
11524341 9.333 1 51
11524342 5.767 1 51
11524441 13.733 1 51
11524442 7.317 1 51
11524443 13.667 1 51
11524541 5.533 1 51
11524542 5.467 1 51
11624741 10.583 1 51
11624742 18.683 1 51
11624841 11.683 1 51
11624842 16.25 1 51
11624843 13.2 1 51
11925541 9.633 1 60
11925543 9.583 1 60
11925641 15.75 1 60
11925642 8 1 60
11925643 9.833 1 60
11925741 10.967 1 61
11925742 15.5 1 61
11925743 12.1 1 61
12025842 6.033 1 61
12025843 4.333 1 61
12025941 17.517 1 61
12025942 13.7 1 61
12025943 9.383 1 61
12026041 9.3 1 61
12026042 5.717 1 61
12026043 7.617 1 61
12126141 7.5 1 61
12126143 11.833 1 61
12126241 9.017 1 61
12126243 13.233 1 61
12126341 8.667 1 61
12126342 20.583 1 61
12126343 19.317 1 61
12226441 12.583 1 61
12226442 8.333 1 61
12226443 9.45 1 61
12226542 9.233 1 62
12226543 9.2 1 62
12226641 15.867 1 62
12226642 7.75 1 62
12226643 10.417 1 62
12326741 2.35 1 62
12326742 4.067 1 62
12326841 3.95 1 62
12326842 3.917 1 62
12326941 15.517 1 62
12326942 5.467 1 62
12326943 5.433 1 62
12427041 3.417 1 62
12427042 5.167 1 62
12427141 7.783 1 62
12427142 9.233 1 62
12427143 4.9 1 62
12427241 6.25 1 62
12427242 4.633 1 62
12427243 10.383 1 62
13129141 16.133 2 63
13129142 16.1 2 63
13129143 16.067 2 63
13129241 11.1 2 63
13129341 10.967 2 63
13129342 30.083 2 63
13129343 15.767 2 63
13229441 8.833 2 63
13229442 29.733 2 63
13229443 18.65 2 63
13229542 7.067 2 63
13229543 8.583 2 63
13229641 23.9 2 63
13229643 29.433 2 63
13329743 6.817 2 63
13329841 6.7 2 63
13329843 14.983 2 63
13329941 7.983 2 73
13329943 7.95 2 73
134210041 14.633 2 73
134210042 14.617 2 73
134210043 28.667 2 73
134210141 6.133 2 73
134210142 14.433 2 73
134210143 7.617 2 73
134210241 15.9 2 73
134210242 14.267 2 73
134210243 26.233 2 73
135210341 9.283 2 73
135210343 7.383 2 73
135210441 5.617 2 73
135210442 13.917 2 73
135210443 9.05 2 73
136210643 5.35 2 73
136210741 6.783 2 77
136210742 6.75 2 77
136210743 18.067 2 77
136210841 6.35 2 77
136210842 6.533 2 77
136210843 6.5 2 77
137210941 8.267 2 77
137210942 4.783 2 77
137210943 6.317 2 77
137211041 4.65 2 77
137211042 19.183 2 77
137211141 6.033 2 77
137211143 12.617 2 77
138211241 5.867 2 77
138211341 17.083 2 77
138211342 12.433 2 77
138211343 12.4 2 77
138211441 9.733 2 77
138211442 5.6 2 77
138211443 12.2 2 77
139211541 11.283 2 78
139211542 15.833 2 78
139211543 11.217 2 78
139211641 6.35 2 78
139211642 11.1 2 78
139211741 10.983 2 78
139211743 8.383 2 78
140211841 6.067 2 78
140211842 10.817 2 78
140211843 17.05 2 78
140211941 5.883 2 78
140211942 9.067 2 78
140211943 3.967 2 78
140212041 25.933 2 78
140212042 5.583 2 78
140212043 5.55 2 78
141212141 13.3 3 84
141212142 15.117 3 84
141212241 13 3 84
141212242 18.467 3 84
141212243 10.183 3 84
141212341 10.067 3 84
141212343 6.45 3 84
142212441 12.717 3 84
142212442 7.817 3 84
142212443 14.417 3 84
142212541 17.483 3 84
142212542 11.817 3 84
142212543 19.017 3 84
142212641 11.7 3 84
142212642 18.917 3 84
142212643 15.217 3 84
143212741 18.833 3 84
143212742 15.117 3 84
143212743 13.4 3 84
143212842 11.483 3 84
143212843 11.467 3 84
143212941 16.95 3 94
143212942 11.5 3 94
143212943 11.467 3 94
144213041 13.017 3 94
144213042 13 3 94
144213043 11.3 3 94
144213141 14.7 3 94
144213143 14.683 3 94
144213241 12.367 3 94
144213242 12.35 3 94
144213243 10.65 3 94
145213341 10.5 3 94
145213343 15.867 3 94
145213441 10.333 3 94
145213442 7.45 3 94
145213443 13.783 3 94
146213641 10.183 3 94
146213642 11.817 3 94
146213643 11.783 3 94
146213741 10.083 3 104
146213742 15.517 3 104
146213743 10.033 3 104
146213841 9.967 3 104
146213842 15.417 3 104
146213843 11.583 3 104
147213941 6.7 3 104
147213942 9.467 3 104
147213943 6.617 3 104
147214041 9.317 3 104
147214042 6.467 3 104
147214043 9.267 3 104
148214241 4.25 3 104
148214242 6.283 3 104
148214243 9.05 3 104
148214341 6.117 3 104
148214342 19.4 3 104
148214343 6.067 3 104
148214441 10.35 3 104
148214443 10.317 3 104
149214541 8.283 3 109
149214542 9.917 3 109
149214543 8.217 3 109
149214641 11.733 3 109
149214642 8.083 3 109
149214643 8.05 3 109
149214741 13.217 3 109
149214742 7.633 3 109
149214743 9.333 3 109
150214841 14.567 3 109
150214842 9.2 3 109
150214843 7.417 3 109
150214941 12.85 3 109
150214942 12.833 3 109
150214943 10.867 3 109
150215041 10.767 3 109
150215042 10.717 3 109
150215043 7.067 3 109
151215141 6.967 3 109
151215142 10.567 3 109
151215143 10.533 3 109
151215241 6.817 3 109
151215242 10.4 3 109
151215243 6.767 3 109
151215341 13.65 3 110
151215342 10.133 3 110
151215343 10.1 3 110
152215441 18.383 3 110
152215442 6.433 3 110
152215443 6.417 3 110
152215542 9.85 3 110
152215543 18.2 3 110
152215641 14.883 3 110
152215642 7.65 3 110
152215643 6.133 3 110
153215741 9.467 3 110
153215742 9.433 3 110
153215743 16.167 3 110
153215841 12.8 3 110
153215842 16.033 3 110
153215843 5.733 3 110
153215941 12.633 3 110
153215942 15.883 3 110
153215943 17.5 3 110
154216041 6.983 3 110
154216042 9 3 110
154216043 12.45 3 110
154216141 2.8 3 111
154216142 4.5 3 111
154216143 7.183 3 111
154216241 4.35 3 111
154216242 8.867 3 111
154216243 10.183 3 111
155216341 6.9 3 111
155216342 11.617 3 111
155216343 6.85 3 111
155216541 9.783 3 111
155216543 11.317 3 111
156216641 7.683 4 115
156216642 7.633 4 115
156216643 6.6 4 115
156216741 10.4 4 115
156216742 14.95 4 115
156216743 11.85 4 115
156216841 5.9 4 115
156216842 13.45 4 115
156216843 13.417 4 115
157216941 13.317 4 115
157216942 13.283 4 115
157216943 10.083 4 115
157217041 9.933 4 115
157217042 8.4 4 115
157217043 8.367 4 115
157217141 6.85 4 115
157217142 11.233 4 115
157217143 9.7 4 115
158217241 5.167 4 115
158217242 8.05 4 115
158217243 8.033 4 115
158217341 5 4 115
158217342 3.383 4 115
158217343 6.433 4 115
158217441 4.75 4 125
158217442 10.633 4 125
158217443 9.1 4 125
159217541 12.133 4 125
159217542 8.933 4 125
159217641 14.783 4 125
159217642 13.333 4 125
159217643 8.717 4 125
159217741 14.583 4 125
159217742 7.067 4 125
159217743 18.117 4 125
160217841 8.317 4 125
160217842 11.45 4 125
160217843 4.25 4 125
160217941 2.183 4 125
160217942 5.133 4 125
160217943 5.117 4 125
160218041 7.9 4 125
160218042 7.867 4 125
160218043 12.417 4 125
161218141 10.9 4 125
161218142 3.283 4 125
161218143 9.167 4 125
161218241 8.6 4 126
161218242 8.55 4 126
161218243 16.533 4 126
161218341 16.417 4 126
161218342 8.383 4 126
161218343 14.45 4 126
162218441 8.233 4 126
162218442 12.633 4 126
162218443 14.267 4 126
162218541 2.083 4 126
162218543 6.55 4 126
162218641 10.933 4 126
162218642 21.25 4 126
163218741 7.717 4 126
163218742 10.683 4 126
163218743 10.667 4 126
163218841 11.833 4 126
163218842 11.817 4 126
163218843 5.867 4 126
163218941 8.833 4 126
163218942 8.8 4 126
163218943 7.183 4 126
164219041 12.817 4 127
164219042 14.7 4 127
164219141 8.2 4 127
164219142 8.167 4 127
164219143 6.467 4 127
164219241 16.117 4 127
164219242 8 4 127
164219243 9.3 4 127
165219441 10.683 4 127
165219442 14.133 4 127
165219541 13.483 4 127
165219542 16.867 4 127
165219543 11.517 4 127
167219941 11.117 4 128
167219942 12.983 4 128
167219943 20.25 4 128
167220041 14.583 4 128
167220042 12.8 4 128
167220043 16.183 4 128
167220141 23.65 4 128
167220142 10.783 4 128
