1 1.03463699250103 11022831 1 1 31
2 1.73926315330884 11022831 1 1 31
3 2.99386503067485 11022831 1 1 31
1 1.01596901067936 11022832 1 1 31
2 0.640818460376701 11022832 1 1 31
3 2.99386503067485 11022832 1 1 31
4 1.03740136201492 11022841 2 1 31
5 1.09407716047637 11022841 2 1 31
6 2.78416013925152 11022841 2 1 31
4 1.03765372505378 11022842 2 1 31
5 0.909422787400188 11022842 2 1 31
6 2.78416013925152 11022842 2 1 31
4 1.03487773162627 11022843 2 1 31
5 1.08946080114946 11022843 2 1 31
6 1.98868581375109 11022843 2 1 31
1 1.01525101137852 11022931 1 1 31
2 0.942004908438739 11022931 1 1 31
3 2.61963190184049 11022931 1 1 31
1 1.01309701347602 11022932 1 1 31
2 1.70967601399922 11022932 1 1 31
3 0 11022932 1 1 31
4 0.994752008446707 11022941 2 1 31
5 1.0817976446668 11022941 2 1 31
6 2.78416013925152 11022941 2 1 31
4 1.03550863922343 11022942 2 1 31
5 0.49552001014993 11022942 2 1 31
6 2.78416013925152 11022942 2 1 31
4 1.06434111641377 11022943 2 1 31
5 0.601049984362967 11022943 2 1 31
6 1.59094865100087 11022943 2 1 31
1 1.02293360389744 11023031 1 1 31
2 1.69497102859383 11023031 1 1 31
3 3.3680981595092 11023031 1 1 31
1 1.02939559760494 11023032 1 1 31
2 1.68894729963259 11023032 1 1 31
3 1.87116564417178 11023032 1 1 31
1 1.05402297362353 11023033 1 1 31
2 1.68611260365083 11023033 1 1 31
3 2.99386503067485 11023033 1 1 31
4 1.05298477966484 11023041 2 1 31
5 1.4848981410921 11023041 2 1 31
6 1.98868581375109 11023041 2 1 31
4 1.01197578584925 11023042 2 1 31
5 1.22333522162969 11023042 2 1 31
6 0 11023042 2 1 31
4 1.03721208973577 11023043 2 1 31
5 1.4802817817652 11023043 2 1 31
6 1.59094865100087 11023043 2 1 31
1 1.02386700298852 11123131 1 1 31
2 0.891689054762493 11123131 1 1 31
3 0.374233128834356 11123131 1 1 31
1 0.967647657733264 11123132 1 1 31
2 1.66839575376483 11123132 1 1 31
3 0 11123132 1 1 31
1 0.997085629067437 11123133 1 1 31
2 1.66237202480359 11123133 1 1 31
3 0.374233128834356 11123133 1 1 31
4 1.03046137844613 11123141 2 1 31
5 0.877108272111856 11123141 2 1 31
6 3.18189730200174 11123141 2 1 31
4 0.981502948906286 11123142 2 1 31
5 1.96813863543247 11123142 2 1 31
6 1.19321148825065 11123142 2 1 31
4 0.957528460214097 11123143 2 1 31
5 0.872491912784952 11123143 2 1 31
6 1.98868581375109 11123143 2 1 31
1 0.867343155406829 11123231 1 1 31
2 0.549222346466069 11123231 1 1 31
3 0 11123231 1 1 31
1 0.967360458012931 11123233 1 1 31
2 0.525658936117686 11123233 1 1 31
3 0.748466257668712 11123233 1 1 31
4 0.975824780531821 11123241 2 1 31
5 1.45876954730182 11123241 2 1 31
6 0 11123241 2 1 31
4 0.926803260232265 11123242 2 1 31
5 0.455450011192399 11123242 2 1 31
6 0.795474325500435 11123242 2 1 31
4 0.848129082866054 11123243 2 1 31
5 0.287783840439227 11123243 2 1 31
6 0.397737162750218 11123243 2 1 31
1 1.02745699949269 11123331 1 1 41
2 1.10145655741276 11123331 1 1 41
3 0.748466257668712 11123331 1 1 41
1 0.969083656334931 11123332 1 1 41
2 0.510776782213444 11123332 1 1 41
3 3.74233128834356 11123332 1 1 41
1 0.972889052629349 11123333 1 1 41
2 0.829680080161485 11123333 1 1 41
3 0.748466257668712 11123333 1 1 41
4 1.00737016038996 11123341 2 1 41
5 1.43873454782306 11123341 2 1 41
6 0 11123341 2 1 41
4 0.984657486892101 11123342 2 1 41
5 0.694023461206823 11123342 2 1 41
6 0 11123342 2 1 41
4 1.02080849220953 11123343 2 1 41
5 0.438554136055928 11123343 2 1 41
6 0.397737162750218 11123343 2 1 41
1 0.995362430745436 112131 1 1 1
2 1.03058915786875 112131 1 1 1
3 0 112131 1 1 1
1 0.980069045637683 112132 1 1 1
2 1.02456542890751 112132 1 1 1
3 0 112132 1 1 1
1 1.00807101837019 112133 1 1 1
2 1.01871886844513 112133 1 1 1
3 0 112133 1 1 1
4 0.999168361626847 112142 2 1 1
5 1.14181031591656 112142 2 1 1
6 0 112142 2 1 1
1 1.01790760879161 112231 1 1 1
2 0.997990154078506 112231 1 1 1
3 0.374233128834356 112231 1 1 1
1 0.987967037946851 112232 1 1 1
2 1.64182047893583 112232 1 1 1
3 0 112232 1 1 1
1 0.987751638156601 112233 1 1 1
2 1.93414850205486 112233 1 1 1
3 0.374233128834356 112233 1 1 1
1 0.988900437037935 11223431 1 1 41
2 1.07771597856552 11223431 1 1 41
3 1.12269938650307 11223431 1 1 41
1 0.994213631864103 11223432 1 1 41
2 0.806116669813102 11223432 1 1 41
3 3.3680981595092 11223432 1 1 41
1 0.963770461508764 11223433 1 1 41
2 1.29031817719754 11223433 1 1 41
3 0.374233128834356 11223433 1 1 41
4 0.929516162900065 11223441 2 1 41
5 1.16636934753569 11223441 2 1 41
6 1.98868581375109 11223441 2 1 41
4 0.986297846644724 11223442 2 1 41
5 1.00941313042094 11223442 2 1 41
6 0 11223442 2 1 41
4 0.991345107422027 11223443 2 1 41
5 1.00793589543633 11223443 2 1 41
6 0 11223443 2 1 41
1 0.970735054726848 11223531 1 1 41
2 1.27260132731154 11223531 1 1 41
3 0 11223531 1 1 41
1 0.963770461508764 11223532 1 1 41
2 1.26675476684916 11223532 1 1 41
3 0.748466257668712 11223532 1 1 41
1 0.978633047036016 11223533 1 1 41
2 1.26374290236854 11223533 1 1 41
3 0.374233128834356 11223533 1 1 41
4 0.972039334948843 11223543 2 1 41
5 1.14790391022807 11223543 2 1 41
6 1.59094865100087 11223543 2 1 41
1 1.01812300858186 11223631 1 1 41
2 1.54136594008219 11223631 1 1 41
3 2.99386503067485 11223631 1 1 41
1 1.02408240277877 11223632 1 1 41
2 1.02173073292575 11223632 1 1 41
3 1.12269938650307 11223632 1 1 41
1 0.993926432143769 11223633 1 1 41
2 1.53250751513919 11223633 1 1 41
3 0.374233128834356 11223633 1 1 41
4 0.977906775602458 11223641 2 1 41
5 1.40032643822321 11223641 2 1 41
6 0 11223641 2 1 41
4 0.951219384242468 11223642 2 1 41
5 1.54029445301496 11223642 2 1 41
6 1.59094865100087 11223642 2 1 41
4 0.994310373128693 11223643 2 1 41
5 0.981714974459512 11223643 2 1 41
6 1.59094865100087 11223643 2 1 41
4 0.957528460214097 112241 2 1 1
5 1.27568473639679 112241 2 1 1
6 0 112241 2 1 1
4 0.963837536185726 112242 2 1 1
5 1.12943847292046 112242 2 1 1
6 0.795474325500435 112242 2 1 1
4 0.994499645407842 112243 2 1 1
5 0.861689631959995 112243 2 1 1
6 1.19321148825065 112243 2 1 1
1 1.00900441746127 112331 1 1 1
2 1.28447161673516 112331 1 1 1
3 0.374233128834356 112331 1 1 1
1 0.998952427249604 112332 1 1 1
2 1.90456136274524 112332 1 1 1
3 0.748466257668712 112332 1 1 1
1 1.01790760879161 112333 1 1 1
2 1.59752835422082 112333 1 1 1
3 1.87116564417178 112333 1 1 1
4 0.947812483217789 112341 2 1 1
5 0.509369088130643 112341 2 1 1
6 0.397737162750218 112341 2 1 1
4 0.992228378058055 112342 2 1 1
5 1.86805596522518 112342 2 1 1
6 0.397737162750218 112342 2 1 1
1 1.00139362487244 11323731 1 1 41
2 1.00100201855913 11323731 1 1 41
3 0.374233128834356 11323731 1 1 41
1 1.06263896523353 11323732 1 1 41
2 0.732237405788472 11323732 1 1 41
3 0 11323732 1 1 41
1 1.0640749638352 11323733 1 1 41
2 0.726390845326092 11323733 1 1 41
3 2.61963190184049 11323733 1 1 41
4 1.04901006180271 11323741 2 1 41
5 0.974051817976851 11323741 2 1 41
6 0 11323741 2 1 41
4 1.03361591643194 11323742 2 1 41
5 1.12482211359355 11323742 2 1 41
6 0.795474325500435 11323742 2 1 41
4 1.03071374148499 11323743 2 1 41
5 0.969435458649946 11323743 2 1 41
6 1.19321148825065 11323743 2 1 41
1 0.991054434940436 11323831 1 1 41
2 0.696803706016468 11323831 1 1 41
3 3.3680981595092 11323831 1 1 41
1 1.02408240277877 11323832 1 1 41
2 0.690957145554087 11323832 1 1 41
3 0.374233128834356 11323832 1 1 41
1 0.993926432143769 11323833 1 1 41
2 0.363195422663046 11323833 1 1 41
3 0.748466257668712 11323833 1 1 41
4 1.0462340683752 11323841 2 1 41
5 0.513985447457548 11323841 2 1 41
6 0.397737162750218 11323841 2 1 41
4 1.00333235176812 11323843 2 1 41
5 1.10487944130132 11323843 2 1 41
6 1.59094865100087 11323843 2 1 41
1 1.04806357942661 11323931 1 1 41
2 0.658535310262703 11323931 1 1 41
3 0.374233128834356 11323931 1 1 41
1 1.01331241326627 11323932 1 1 41
2 0.918264329591496 11323932 1 1 41
3 0 11323932 1 1 41
1 1.03557039159211 11323933 1 1 41
2 0.912417769129115 11323933 1 1 41
3 0.748466257668712 11323933 1 1 41
4 1.04118680759789 11323941 2 1 41
5 1.35102372061187 11323941 2 1 41
6 0 11323941 2 1 41
4 0.993868737810679 11323942 2 1 41
5 0.93250458403471 11323942 2 1 41
6 0 11323942 2 1 41
4 1.00125035669748 11323943 2 1 41
5 0.598557150326438 11323943 2 1 41
6 0 11323943 2 1 41
1 1.02314900368769 11424031 1 1 41
2 0.891689054762493 11424031 1 1 41
3 0 11424031 1 1 41
1 0.977699647944933 11424032 1 1 41
2 0.295339887599657 11424032 1 1 41
3 3.3680981595092 11424032 1 1 41
1 1.01022501627269 11424033 1 1 41
2 0.876984069357111 11424033 1 1 41
3 0 11424033 1 1 41
4 1.00882124786344 11424041 2 1 41
5 1.0740421609976 11424041 2 1 41
6 0.397737162750218 11424041 2 1 41
4 1.04434134558371 11424042 2 1 41
5 0.332377871537124 11424042 2 1 41
6 1.19321148825065 11424042 2 1 41
4 0.996013823641033 11424043 2 1 41
5 0.735570695148964 11424043 2 1 41
6 0.397737162750218 11424043 2 1 41
1 1.01718960949077 11424131 1 1 51
2 1.36419744122217 11424131 1 1 51
3 0.748466257668712 11424131 1 1 51
1 0.996367629766603 11424132 1 1 51
2 0.584656046238074 11424132 1 1 51
3 2.24539877300613 11424132 1 1 51
1 0.994931631164936 11424133 1 1 51
2 0.578809485775693 11424133 1 1 51
3 0.374233128834356 11424133 1 1 51
4 1.01531959611422 11424143 2 1 51
5 1.04791356720732 11424143 2 1 51
6 0 11424143 2 1 51
1 0.987967037946851 11424231 1 1 51
2 0.608219456586457 11424231 1 1 51
3 0 11424231 1 1 51
1 1.03916038809628 11424233 1 1 51
2 0.806116669813102 11424233 1 1 51
3 0 11424233 1 1 51
4 0.992417650337204 11424241 2 1 51
5 1.03406448922661 11424241 2 1 51
6 0 11424241 2 1 51
4 0.964657716062038 11424242 2 1 51
5 1.03406448922661 11424242 2 1 51
6 0 11424242 2 1 51
4 1.02017758461237 11424243 2 1 51
5 1.14328755090117 11424243 2 1 51
6 2.38642297650131 11424243 2 1 51
4 1.0020705365738 11524341 2 1 51
5 0.861689631959995 11524341 2 1 51
6 0 11524341 2 1 51
4 1.05027187699704 11524342 2 1 51
5 0.532450884765166 11524342 2 1 51
6 2.78416013925152 11524342 2 1 51
1 1.03298559410911 11524431 1 1 51
2 0.995155458096746 11524431 1 1 51
3 0.374233128834356 11524431 1 1 51
1 1.04016558711744 11524432 1 1 51
2 0.989131729135505 11524432 1 1 51
3 0 11524432 1 1 51
1 1.02006160669411 11524433 1 1 51
2 0.986297033153745 11524433 1 1 51
3 2.61963190184049 11524433 1 1 51
4 1.05342641498285 11524441 2 1 51
5 1.26792925272759 11524441 2 1 51
6 0.397737162750218 11524441 2 1 51
4 1.05405732258002 11524442 2 1 51
5 0.675558023899205 11524442 2 1 51
6 2.38642297650131 11524442 2 1 51
4 1.04118680759789 11524443 2 1 51
5 1.26183565841608 11524443 2 1 51
6 0.795474325500435 11524443 2 1 51
4 1.06099730614881 11524541 2 1 51
5 0.510846323115253 11524541 2 1 51
6 1.19321148825065 11524541 2 1 51
4 1.02629738830485 11524542 2 1 51
5 0.504752728803739 11524542 2 1 51
6 2.78416013925152 11524542 2 1 51
1 1.00139362487244 11624631 1 1 51
2 0.9536980293635 11624631 1 1 51
3 0.748466257668712 11624631 1 1 51
1 1.00613242025794 11624731 1 1 51
2 0.938993043958119 11624731 1 1 51
3 2.24539877300613 11624731 1 1 51
4 0.996013823641033 11624741 2 1 51
5 0.977098615132608 11624741 2 1 51
6 1.19321148825065 11624741 2 1 51
4 0.968001526327001 11624742 2 1 51
5 1.72494882609114 11624742 2 1 51
6 0.795474325500435 11624742 2 1 51
1 0.931963092481841 11624831 1 1 51
2 0.679086856130466 11624831 1 1 51
3 0.748466257668712 11624831 1 1 51
1 1.02149760529577 11624832 1 1 51
2 1.19889923178577 11624832 1 1 51
3 0 11624832 1 1 51
1 0.940363684301593 11624833 1 1 51
2 0.906571208666734 11624833 1 1 51
3 3.74233128834356 11624833 1 1 51
4 1.0291995632518 11624841 2 1 51
5 1.07865852032451 11624841 2 1 51
6 0.795474325500435 11624841 2 1 51
4 1.02017758461237 11624842 2 1 51
5 1.50031678124396 11624842 2 1 51
6 0 11624842 2 1 51
4 1.01304832876443 11624843 2 1 51
5 1.21871886230279 11624843 2 1 51
6 0 11624843 2 1 51
1 0.966929658432431 11925531 1 1 60
2 0.885842494300112 11925531 1 1 60
3 2.61963190184049 11925531 1 1 60
1 0.94201508269351 11925532 1 1 60
2 0.682098720611086 11925532 1 1 60
3 3.74233128834356 11925532 1 1 60
1 0.983659042141851 11925533 1 1 60
2 0.369041983125427 11925533 1 1 60
3 2.24539877300613 11925533 1 1 60
4 0.965919531256363 11925541 2 1 60
5 0.889387787921422 11925541 2 1 60
6 3.97737162750218 11925541 2 1 60
4 0.998537454029684 11925543 2 1 60
5 0.884771428594518 11925543 2 1 60
6 3.57963446475196 11925543 2 1 60
1 1.00376302256519 11925631 1 1 60
2 0.723378980845471 11925631 1 1 60
3 2.61963190184049 11925631 1 1 60
1 0.987967037946851 11925632 1 1 60
2 1.22246264213415 11925632 1 1 60
3 2.99386503067485 11925632 1 1 60
1 0.992059633961602 11925633 1 1 60
2 0.95086333338174 11925633 1 1 60
3 3.74233128834356 11925633 1 1 60
4 0.980619678270258 11925641 2 1 60
5 1.45415318797492 11925641 2 1 60
6 0 11925641 2 1 60
4 0.969515704560192 11925642 2 1 60
5 0.738617492304721 11925642 2 1 60
6 2.78416013925152 11925642 2 1 60
4 0.981692221185435 11925643 2 1 60
5 0.90785322522904 11925643 2 1 60
6 2.38642297650131 11925643 2 1 60
1 0.9812896444491 11925732 1 1 61
2 1.42319455134256 11925732 1 1 61
3 0 11925732 1 1 61
4 0.925099809719925 11925741 2 1 61
5 1.01255225476323 11925741 2 1 61
6 0 11925741 2 1 61
4 0.965730258977214 11925742 2 1 61
5 1.4310713913404 11925742 2 1 61
6 0.795474325500435 11925742 2 1 61
4 0.930147070497228 11925743 2 1 61
5 1.11715895711089 11925743 2 1 61
6 0.795474325500435 11925743 2 1 61
1 0.999455026760187 12025831 1 1 61
2 0.528493632099447 12025831 1 1 61
3 0 12025831 1 1 61
1 0.983156442631267 12025832 1 1 61
2 1.39963114099418 12025832 1 1 61
3 0.748466257668712 12025832 1 1 61
1 1.01309701347602 12025833 1 1 61
2 1.05114070373651 12025833 1 1 61
3 1.12269938650307 12025833 1 1 61
4 1.02061921993038 12025842 2 1 61
5 0.557009916384298 12025842 2 1 61
6 0 12025842 2 1 61
4 0.937528689384034 12025843 2 1 61
5 0.400053699269544 12025843 2 1 61
6 0 12025843 2 1 61
1 1.02508760179994 12025931 1 1 61
2 0.499083661288683 12025931 1 1 61
3 2.61963190184049 12025931 1 1 61
1 0.989403036548518 12025932 1 1 61
2 0.726390845326092 12025932 1 1 61
3 0 12025932 1 1 61
1 0.988182437737102 12025933 1 1 61
2 0.723378980845471 12025933 1 1 61
3 1.87116564417178 12025933 1 1 61
4 1.0288210186935 12025941 2 1 61
5 1.61729532658772 12025941 2 1 61
6 0 12025941 2 1 61
4 1.02125012752755 12025942 2 1 61
5 1.26488245557183 12025942 2 1 61
6 1.98868581375109 12025942 2 1 61
4 1.00358471480699 12025943 2 1 61
5 0.8663059912869 12025943 2 1 61
6 0 12025943 2 1 61
1 0.976694448923766 12026031 1 1 61
2 1.00401388303975 12026031 1 1 61
3 1.87116564417178 12026031 1 1 61
1 0.953503071506845 12026032 1 1 61
2 0.699815570497088 12026032 1 1 61
3 3.74233128834356 12026032 1 1 61
1 0.987249038646018 12026033 1 1 61
2 0.995155458096746 12026033 1 1 61
3 2.24539877300613 12026033 1 1 61
4 1.01304832876443 12026041 2 1 61
5 0.858642834804238 12026041 2 1 61
6 1.19321148825065 12026041 2 1 61
4 0.981061313588272 12026042 2 1 61
5 0.527834525438261 12026042 2 1 61
6 1.59094865100087 12026042 2 1 61
4 0.991345107422027 12026043 2 1 61
5 0.703256179860632 12026043 2 1 61
6 0.795474325500435 12026043 2 1 61
1 0.999670426550437 12126131 1 1 61
2 0.679086856130466 12126131 1 1 61
3 0 12126131 1 1 61
1 0.988900437037935 12126133 1 1 61
2 1.30803502708355 12126133 1 1 61
3 2.99386503067485 12126133 1 1 61
4 0.98484675917125 12126141 2 1 61
5 0.692453899035676 12126141 2 1 61
6 1.59094865100087 12126141 2 1 61
4 0.994941280725856 12126143 2 1 61
5 1.09250759830522 12126143 2 1 61
6 1.98868581375109 12126143 2 1 61
1 0.984736041093101 12126231 1 1 61
2 0.637806595896081 12126231 1 1 61
3 0 12126231 1 1 61
1 1.02530300159019 12126232 1 1 61
2 1.27260132731154 12126232 1 1 61
3 0.748466257668712 12126232 1 1 61
4 0.990083292227702 12126241 2 1 61
5 0.832514241013959 12126241 2 1 61
6 1.19321148825065 12126241 2 1 61
4 0.989073840072241 12126243 2 1 61
5 1.22176565945855 12126243 2 1 61
6 1.98868581375109 12126243 2 1 61
1 0.927152497166257 12126331 1 1 61
2 0.894700919243113 12126331 1 1 61
3 0.748466257668712 12126331 1 1 61
1 1.00354762277494 12126332 1 1 61
2 1.21059235271053 12126332 1 1 61
3 0 12126332 1 1 61
1 1.00591702046769 12126333 1 1 61
2 1.20173392776753 12126333 1 1 61
3 0.374233128834356 12126333 1 1 61
4 0.960682998199911 12126341 2 1 61
5 0.800199725725627 12126341 2 1 61
6 0 12126341 2 1 61
4 1.00629761747479 12126342 2 1 61
5 1.90037048051351 12126342 2 1 61
6 1.98868581375109 12126342 2 1 61
4 1.01847413410003 12126343 2 1 61
5 1.78348426235629 12126343 2 1 61
6 1.19321148825065 12126343 2 1 61
1 1.01955900718352 12226431 1 1 61
2 0.531505496580067 12226431 1 1 61
3 0.748466257668712 12226431 1 1 61
1 1.00641961997827 12226432 1 1 61
2 0.522647071637066 12226432 1 1 61
3 1.49693251533742 12226432 1 1 61
1 1.02049240627461 12226433 1 1 61
2 0.516800511174685 12226433 1 1 61
3 0.374233128834356 12226433 1 1 61
4 1.01557195915308 12226441 2 1 61
5 1.16175298820879 12226441 2 1 61
6 0.795474325500435 12226441 2 1 61
4 0.979168590796784 12226442 2 1 61
5 0.769362445421905 12226442 2 1 61
6 2.78416013925152 12226442 2 1 61
4 1.01468868851705 12226443 2 1 61
5 0.872491912784952 12226443 2 1 61
6 1.19321148825065 12226443 2 1 61
1 1.0576129701277 12226531 1 1 62
2 0.79141168440772 12226531 1 1 62
3 0.374233128834356 12226531 1 1 62
1 0.975258450322099 12226532 1 1 62
2 0.782553259464719 12226532 1 1 62
3 1.49693251533742 12226532 1 1 62
1 0.974540451021266 12226533 1 1 62
2 0.776529530503478 12226533 1 1 62
3 0.374233128834356 12226533 1 1 62
4 1.0315339213613 12226542 2 1 62
5 0.852456913306186 12226542 2 1 62
6 0.397737162750218 12226542 2 1 62
4 1.01468868851705 12226543 2 1 62
5 0.849410116150429 12226543 2 1 62
6 0 12226543 2 1 62
1 1.03126239578711 12226631 1 1 62
2 0.434062822207055 12226631 1 1 62
3 1.87116564417178 12226631 1 1 62
4 1.01576123143223 12226641 2 1 62
5 1.46495546879988 12226641 2 1 62
6 0.397737162750218 12226641 2 1 62
4 0.996644731238196 12226642 2 1 62
5 0.715535695670198 12226642 2 1 62
6 1.19321148825065 12226642 2 1 62
4 1.00188126429465 12226643 2 1 62
5 0.961772302167285 12226643 2 1 62
6 0 12226643 2 1 62
1 1.05136637621045 122431 1 1 1
2 1.5945164897402 122431 1 1 1
3 1.49693251533742 122431 1 1 1
1 1.01474841186794 122631 1 1 1
2 1.24903791696316 122631 1 1 1
3 0 122631 1 1 1
1 1.03442159271078 122632 1 1 1
2 0.921276194072116 122632 1 1 1
3 0.748466257668712 122632 1 1 1
1 1.02508760179994 122633 1 1 1
2 1.24017949202016 122633 1 1 1
3 0 122633 1 1 1
4 1.00863197558429 122641 2 1 1
5 1.84959052791756 122641 2 1 1
6 0.795474325500435 122641 2 1 1
4 1.02983047084896 122642 2 1 1
5 1.54343357735725 122642 2 1 1
6 0 122642 2 1 1
4 1.0342468240291 122643 2 1 1
5 1.08946080114946 122643 2 1 1
6 3.18189730200174 122643 2 1 1
1 1.04375558362161 12326731 1 1 62
2 0.401640986915671 12326731 1 1 62
3 1.49693251533742 12326731 1 1 62
1 1.02027700648436 12326732 1 1 62
2 0.702827434977709 12326732 1 1 62
3 0 12326732 1 1 62
1 1.02939559760494 12326733 1 1 62
2 0.389770697492049 12326733 1 1 62
3 1.49693251533742 12326733 1 1 62
4 1.01367923636159 12326741 2 1 62
5 0.216968888364512 12326741 2 1 62
6 0.397737162750218 12326741 2 1 62
4 1.00837961254542 12326742 2 1 62
5 0.375494667650413 12326742 2 1 62
6 1.98868581375109 12326742 2 1 62
1 0.983659042141851 12326831 1 1 62
2 0.670228431187465 12326831 1 1 62
3 1.87116564417178 12326831 1 1 62
1 0.983443642351601 12326832 1 1 62
2 0.664381870725084 12326832 1 1 62
3 2.99386503067485 12326832 1 1 62
1 0.923849700382423 12326833 1 1 62
2 0.658535310262703 12326833 1 1 62
3 0.374233128834356 12326833 1 1 62
4 0.952985925514524 12326841 2 1 62
5 0.364692386825456 12326841 2 1 62
6 0 12326841 2 1 62
4 1.02352139487733 12326842 2 1 62
5 0.361645589669699 12326842 2 1 62
6 1.59094865100087 12326842 2 1 62
1 1.00304502326435 12326931 1 1 62
2 0.625936306472459 12326931 1 1 62
3 0 12326931 1 1 62
1 1.03750898970436 12326932 1 1 62
2 0.620089746010078 12326932 1 1 62
3 0.748466257668712 12326932 1 1 62
1 1.01453301207769 12326933 1 1 62
2 0.295339887599657 12326933 1 1 62
3 0.748466257668712 12326933 1 1 62
4 0.985666939047561 12326941 2 1 62
5 1.43264095351154 12326941 2 1 62
6 3.18189730200174 12326941 2 1 62
4 1.02099776448868 12326942 2 1 62
5 0.504752728803739 12326942 2 1 62
6 3.18189730200174 12326942 2 1 62
4 1.0241523024745 12326943 2 1 62
5 0.501613604461444 12326943 2 1 62
6 2.78416013925152 12326943 2 1 62
1 0.972386453118765 12427031 1 1 62
2 0.578809485775693 12427031 1 1 62
3 1.87116564417178 12427031 1 1 62
1 0.982223043540184 12427032 1 1 62
2 0.897712783723733 12427032 1 1 62
3 0.374233128834356 12427032 1 1 62
1 0.958026467102096 12427033 1 1 62
2 0.888854358780732 12427033 1 1 62
3 2.61963190184049 12427033 1 1 62
4 0.951219384242468 12427041 2 1 62
5 0.315481996400654 12427041 2 1 62
6 0.795474325500435 12427041 2 1 62
4 0.980241133711961 12427042 2 1 62
5 0.477054572842312 12427042 2 1 62
6 2.78416013925152 12427042 2 1 62
1 0.879764543311248 12427131 1 1 62
2 0.215614063112647 12427131 1 1 62
3 1.12269938650307 12427131 1 1 62
1 0.902525121147669 12427132 1 1 62
2 0.206755638169646 12427132 1 1 62
3 0.374233128834356 12427132 1 1 62
1 0.977412448224599 12427133 1 1 62
2 0.513788646694065 12427133 1 1 62
3 2.24539877300613 12427133 1 1 62
4 0.976834232687281 12427141 2 1 62
5 0.718582492825955 12427141 2 1 62
6 3.18189730200174 12427141 2 1 62
4 0.966361166574377 12427142 2 1 62
5 0.852456913306186 12427142 2 1 62
6 1.19321148825065 12427142 2 1 62
4 0.96087227047906 12427143 2 1 62
5 0.452403214036642 12427143 2 1 62
6 0.795474325500435 12427143 2 1 62
1 0.951133673814095 12427231 1 1 62
2 0.481366811402681 12427231 1 1 62
3 2.99386503067485 12427231 1 1 62
1 0.971453054027682 12427232 1 1 62
2 0.47835494692206 12427232 1 1 62
3 3.3680981595092 12427232 1 1 62
1 1.02027700648436 12427233 1 1 62
2 0.797258244870101 12427233 1 1 62
3 1.49693251533742 12427233 1 1 62
4 0.99639236819933 12427241 2 1 62
5 0.577044915863063 12427241 2 1 62
6 0.397737162750218 12427241 2 1 62
4 0.975572417492955 12427242 2 1 62
5 0.427751855230972 12427242 2 1 62
6 3.57963446475196 12427242 2 1 62
4 1.00901052014259 12427243 2 1 62
5 0.95863317782499 12427243 2 1 62
6 2.78416013925152 12427243 2 1 62
1 0.983659042141851 12527331 1 1 1
2 0.732237405788472 12527331 1 1 1
3 1.49693251533742 12527331 1 1 1
1 1.01790760879161 12527333 1 1 1
2 0.906571208666734 12527333 1 1 1
3 0 12527333 1 1 1
4 0.965288623659201 12527341 2 1 1
5 1.04634400503618 12527341 2 1 1
6 3.57963446475196 12527341 2 1 1
4 0.974121330019481 12527342 2 1 1
5 2.32664510075987 12527342 2 1 1
6 0.397737162750218 12527342 2 1 1
4 0.975824780531821 12527343 2 1 1
5 1.25260293976227 12527343 2 1 1
6 1.98868581375109 12527343 2 1 1
1 1.01309701347602 12527431 1 1 1
2 0.891689054762493 12527431 1 1 1
3 0 12527431 1 1 1
1 0.971955653538265 12527432 1 1 1
2 0.614243185547698 12527432 1 1 1
3 0 12527432 1 1 1
1 1.01044041606294 12527433 1 1 1
2 0.611231321067077 12527433 1 1 1
3 1.49693251533742 12527433 1 1 1
4 1.00819034026628 12527441 2 1 1
5 0.577044915863063 12527441 2 1 1
6 2.78416013925152 12527441 2 1 1
4 1.0121650581284 12527442 2 1 1
5 0.995564052440226 12527442 2 1 1
6 0 12527442 2 1 1
4 0.983584943976924 12527443 2 1 1
5 0.578614478034211 12527443 2 1 1
6 0.397737162750218 12527443 2 1 1
1 1.03607299110269 12527531 1 1 1
2 0.596526335661695 12527531 1 1 1
3 0 12527531 1 1 1
1 1.04777637970628 12527533 1 1 1
2 1.07771597856552 12527533 1 1 1
3 0 12527533 1 1 1
4 1.01847413410003 12527541 2 1 1
5 1.44649003149226 12527541 2 1 1
6 1.98868581375109 12527541 2 1 1
4 1.00926288318145 12527542 2 1 1
5 0.710919336343294 12527542 2 1 1
6 2.38642297650131 12527542 2 1 1
1 1.01546641116877 12627631 1 1 1
2 0.259906187827653 12627631 1 1 1
3 3.3680981595092 12627631 1 1 1
1 1.02817499879353 12627632 1 1 1
2 0.569951060832692 12627632 1 1 1
3 0.374233128834356 12627632 1 1 1
1 1.02867759830411 12627633 1 1 1
2 0.248035898404031 12627633 1 1 1
3 1.49693251533742 12627633 1 1 1
4 0.989894019948553 12627641 2 1 1
5 0.700117055518337 12627641 2 1 1
6 2.38642297650131 12627641 2 1 1
4 1.03260646427648 12627643 2 1 1
5 0.835561038169716 12627643 2 1 1
6 0 12627643 2 1 1
1 1.01403041256711 12627731 1 1 1
2 0.832691944642105 12627731 1 1 1
3 0 12627731 1 1 1
1 1.02077960599494 12627732 1 1 1
2 0.55223421094669 12627732 1 1 1
3 3.74233128834356 12627732 1 1 1
1 1.02314900368769 12627733 1 1 1
2 1.34949245581679 12627733 1 1 1
3 2.61963190184049 12627733 1 1 1
4 1.00755943266911 12627741 2 1 1
5 0.433937776729024 12627741 2 1 1
6 0.397737162750218 12627741 2 1 1
4 1.01071397065493 12627743 2 1 1
5 0.435507338900171 12627743 2 1 1
6 0 12627743 2 1 1
1 0.994213631864103 12627831 1 1 1
2 0.806116669813102 12627831 1 1 1
3 1.87116564417178 12627831 1 1 1
1 1.01934360739327 12627832 1 1 1
2 0.806116669813102 12627832 1 1 1
3 3.3680981595092 12627832 1 1 1
1 1.03248299459853 12627833 1 1 1
2 1.00986044350213 12627833 1 1 1
3 2.99386503067485 12627833 1 1 1
4 1.0044048946833 12627842 2 1 1
5 0.426274620246362 12627842 2 1 1
6 0.795474325500435 12627842 2 1 1
1 1.03822698900519 12728032 1 1 1
2 0.785387955446479 12728032 1 1 1
3 2.24539877300613 12728032 1 1 1
1 0.94632307849851 12728131 1 1 2
2 0.673240295668085 12728131 1 1 2
3 0.374233128834356 12728131 1 1 2
1 1.02264640417711 12828331 1 1 2
2 2.06702487619988 12828331 1 1 2
3 3.3680981595092 12828331 1 1 2
1 1.04806357942661 12828332 1 1 2
2 2.06401301171926 12828332 1 1 2
3 2.24539877300613 12828332 1 1 2
1 1.04325298411103 12928531 1 1 2
2 0.856255354990488 12928531 1 1 2
3 0 12928531 1 1 2
4 1.07822108355136 12928541 2 1 2
5 0.86482875630229 12928541 2 1 2
6 2.78416013925152 12928541 2 1 2
4 1.08831560510596 12928542 2 1 2
5 0.589324431672629 12928542 2 1 2
6 1.59094865100087 12928542 2 1 2
1 1.03513959201161 12928731 1 1 2
2 0.6319600354337 12928731 1 1 2
3 0.748466257668712 12928731 1 1 2
4 1.05677022524782 12928741 2 1 2
5 0.857073272633091 12928741 2 1 2
6 1.19321148825065 12928741 2 1 2
4 1.02793774805747 12928742 2 1 2
5 0.441600933211685 12928742 2 1 2
6 1.19321148825065 12928742 2 1 2
4 1.02730684046031 12928743 2 1 2
5 0.82328152236015 12928743 2 1 2
6 2.78416013925152 12928743 2 1 2
1 1.01905640767294 13028831 1 1 2
2 0.823833519699104 13028831 1 1 2
3 0.374233128834356 13028831 1 1 2
1 0.97719704843435 13028832 1 1 2
2 0.342466708296423 13028832 1 1 2
3 1.49693251533742 13028832 1 1 2
1 0.984879640953268 13028833 1 1 2
2 0.608219456586457 13028833 1 1 2
3 0 13028833 1 1 2
4 1.0144994162379 13028841 2 1 2
5 0.818665163033245 13028841 2 1 2
6 0 13028841 2 1 2
1 1.03176499529769 13029031 1 1 3
2 0.71168585992071 13029031 1 1 3
3 1.49693251533742 13029031 1 1 3
1 1.01359961298661 13029032 1 1 3
2 0.986297033153745 13029032 1 1 3
3 2.61963190184049 13029032 1 1 3
1 1.00900441746127 13029033 1 1 3
2 0.528493632099447 13029033 1 1 3
3 3.3680981595092 13029033 1 1 3
4 0.962134085673386 13029041 2 1 3
5 0.517032244613305 13029041 2 1 3
6 0 13029041 2 1 3
4 0.968443161645015 13029042 2 1 3
5 0.649337102922388 13029042 2 1 3
6 0.397737162750218 13029042 2 1 3
1 0.897714525832085 13129131 1 2 63
2 1.18702894236215 13129131 1 2 63
3 0 13129131 1 2 63
1 0.863753158902662 13129132 1 2 63
2 1.63296205399283 13129132 1 2 63
3 0 13129132 1 2 63
1 0.935768488776258 13129133 1 2 63
2 0.705662130959469 13129133 1 2 63
3 1.12269938650307 13129133 1 2 63
4 0.912481657776668 13129141 2 2 63
5 1.48951450041901 13129141 2 2 63
6 2.78416013925152 13129141 2 2 63
4 0.926803260232265 13129142 2 2 63
5 1.48646770326325 13129142 2 2 63
6 2.38642297650131 13129142 2 2 63
4 0.958979547687572 13129143 2 2 63
5 1.48342090610749 13129143 2 2 63
6 1.59094865100087 13129143 2 2 63
1 0.971668453817932 13129231 1 2 63
2 1.33762216639317 13129231 1 2 63
3 0 13129231 1 2 63
1 1.05596157173578 13129232 1 2 63
2 1.60638677916382 13129232 1 2 63
3 3.3680981595092 13129232 1 2 63
1 0.983659042141851 13129233 1 2 63
2 1.6033749146832 13129233 1 2 63
3 0.748466257668712 13129233 1 2 63
4 1.02188103512471 13129241 2 2 63
5 1.0248317705728 13129241 2 2 63
6 2.38642297650131 13129241 2 2 63
1 1.01862560809244 13129331 1 2 63
2 1.92529007711186 13129331 1 2 63
3 1.49693251533742 13129331 1 2 63
1 0.951564473394595 13129332 1 2 63
2 0.652511581301462 13129332 1 2 63
3 3.3680981595092 13129332 1 2 63
1 0.949195075701844 13129333 1 2 63
2 0.927122754534497 13129333 1 2 63
3 3.3680981595092 13129333 1 2 63
4 1.00061944910032 13129341 2 2 63
5 1.01255225476323 13129341 2 2 63
6 0 13129341 2 2 63
4 0.995761460602167 13129342 2 2 63
5 2.77747875262537 13129342 2 2 63
6 0.795474325500435 13129342 2 2 63
4 1.00080872137947 13129343 2 2 63
5 1.45572275014607 13129343 2 2 63
6 0 13129343 2 2 63
1 1.03657559061328 13229431 1 2 63
2 1.10145655741276 13229431 1 2 63
3 0 13229431 1 2 63
1 0.980069045637683 13229432 1 2 63
2 1.09543282845152 13229432 1 2 63
3 0 13229432 1 2 63
1 0.913079710869921 13229433 1 2 63
2 1.26090820638678 13229433 1 2 63
3 0 13229433 1 2 63
4 0.945541215868002 13229441 2 2 63
5 0.81552603869095 13229441 2 2 63
6 1.98868581375109 13229441 2 2 63
4 0.99096656286373 13229442 2 2 63
5 2.74516423733703 13229442 2 2 63
6 1.98868581375109 13229442 2 2 63
4 0.988442932475078 13229443 2 2 63
5 1.72190202893538 13229443 2 2 63
6 0.795474325500435 13229443 2 2 63
1 1.01403041256711 13229531 1 2 63
2 1.24319135650078 13229531 1 2 63
3 2.61963190184049 13229531 1 2 63
4 0.998726726308833 13229542 2 2 63
5 0.652476227264683 13229542 2 2 63
6 3.97737162750218 13229542 2 2 63
4 1.06642311148441 13229543 2 2 63
5 0.792444242056427 13229543 2 2 63
6 3.18189730200174 13229543 2 2 63
1 1.02839039858378 13229631 1 2 63
2 1.50894410479081 13229631 1 2 63
3 0 13229631 1 2 63
1 1.01647161018994 13229632 1 2 63
2 1.50292037582957 13229632 1 2 63
3 2.99386503067485 13229632 1 2 63
1 1.02149760529577 13229633 1 2 63
2 1.04529414327413 13229633 1 2 63
3 0 13229633 1 2 63
4 1.01431014395876 13229641 2 2 63
5 2.20661975826035 13229641 2 2 63
6 0 13229641 2 2 63
4 0.999546906185145 13229643 2 2 63
5 2.71746608137561 13229643 2 2 63
6 3.57963446475196 13229643 2 2 63
1 0.974109651440766 132731 1 1 1
2 1.54721250054458 132731 1 1 1
3 0.748466257668712 132731 1 1 1
1 0.969801655635765 132732 1 1 1
2 0.891689054762493 132732 1 1 1
3 0 132732 1 1 1
1 1.01359961298661 132733 1 1 1
2 1.21059235271053 132733 1 1 1
3 0 132733 1 1 1
4 0.991597470460893 132741 2 1 1
5 1.08327487965141 132741 2 1 1
6 0.397737162750218 132741 2 1 1
4 0.982323128782598 132742 2 1 1
5 0.810909679364045 132742 2 1 1
6 0.795474325500435 132742 2 1 1
4 0.961944813394237 132743 2 1 1
5 1.07561172316875 132743 2 1 1
6 1.19321148825065 132743 2 1 1
1 1.01862560809244 132831 1 1 1
2 1.19004080684277 132831 1 1 1
3 1.87116564417178 132831 1 1 1
1 0.980787044938517 132832 1 1 1
2 1.18401707788153 132832 1 1 1
3 0.748466257668712 132832 1 1 1
1 1.03226759480828 132833 1 1 1
2 1.17515865293853 132833 1 1 1
3 3.74233128834356 132833 1 1 1
4 0.984026579294938 132841 2 1 1
5 0.954016818498085 132841 2 1 1
6 1.98868581375109 132841 2 1 1
4 0.985919302086427 132842 2 1 1
5 1.30024376801592 132842 2 1 1
6 1.19321148825065 132842 2 1 1
4 0.971597699630829 132843 2 1 1
5 1.06019308301689 132843 2 1 1
6 1.59094865100087 132843 2 1 1
1 1.00663501976852 132931 1 1 11
2 0.820821655218484 132931 1 1 11
3 1.12269938650307 132931 1 1 11
1 0.970017055426015 132932 1 1 11
2 1.47935696548119 132932 1 1 11
3 1.12269938650307 132932 1 1 11
1 1.01762040907127 132933 1 1 11
2 0.806116669813102 132933 1 1 11
3 0 132933 1 1 11
4 0.99367946553153 132941 2 1 11
5 0.926318662536658 132941 2 1 11
6 0 132941 2 1 11
4 0.992417650337204 132942 2 1 11
5 1.1833575498587 132942 2 1 11
6 1.98868581375109 132942 2 1 11
4 1.0020705365738 132943 2 1 11
5 1.02640133274395 132943 2 1 11
6 3.18189730200174 132943 2 1 11
1 0.923131701081589 13329731 1 2 63
2 1.20173392776753 13329731 1 2 63
3 0.748466257668712 13329731 1 2 63
1 0.976479049133516 13329732 1 2 63
2 1.02757729338813 13329732 1 2 63
3 0 13329732 1 2 63
1 0.974540451021266 13329733 1 2 63
2 0.826845384179724 13329733 1 2 63
3 0 13329733 1 2 63
4 0.953932286910269 13329743 2 2 63
5 0.62939443063016 13329743 2 2 63
6 3.97737162750218 13329743 2 2 63
1 1.01331241326627 13329831 1 2 63
2 2.64866905795733 13329831 1 2 63
3 1.12269938650307 13329831 1 2 63
1 1.00857361788077 13329832 1 2 63
2 1.4557935551328 13329832 1 2 63
3 2.99386503067485 13329832 1 2 63
1 0.977699647944933 13329833 1 2 63
2 0.992143593616125 13329833 1 2 63
3 0.374233128834356 13329833 1 2 63
4 0.95033611360644 13329841 2 2 63
5 0.618592149805204 13329841 2 2 63
6 1.98868581375109 13329841 2 2 63
4 0.916708738677659 13329843 2 2 63
5 1.3833382359002 13329843 2 2 63
6 1.59094865100087 13329843 2 2 63
1 0.992275033751852 13329931 1 2 73
2 0.761824545098096 13329931 1 2 73
3 2.99386503067485 13329931 1 2 73
1 1.06120296663187 13329932 1 2 73
2 1.11314967833752 13329932 1 2 73
3 0 13329932 1 2 73
1 1.03413439299044 13329933 1 2 73
2 0.944839604420499 13329933 1 2 73
3 3.3680981595092 13329933 1 2 73
4 1.03891554024811 13329941 2 2 73
5 0.737047930133573 13329941 2 2 73
6 0.397737162750218 13329941 2 2 73
4 1.04143917063676 13329943 2 2 73
5 0.734001132977816 13329943 2 2 73
6 0.397737162750218 13329943 2 2 73
1 0.969514455915432 134210031 1 2 73
2 1.7243809994046 134210031 1 2 73
3 1.49693251533742 134210031 1 2 73
1 1.03298559410911 134210032 1 2 73
2 1.71853443894222 134210032 1 2 73
3 0.748466257668712 134210032 1 2 73
1 1.00376302256519 134210033 1 2 73
2 1.71268787847984 134210033 1 2 73
3 0.374233128834356 134210033 1 2 73
4 1.0435211657074 134210041 2 2 73
5 1.35102372061187 134210041 2 2 73
6 3.18189730200174 134210041 2 2 73
4 0.968253889365866 134210042 2 2 73
5 1.34954648562726 134210042 2 2 73
6 0.397737162750218 134210042 2 2 73
4 0.968443161645015 134210043 2 2 73
5 2.64674345648743 134210043 2 2 73
6 1.59094865100087 134210043 2 2 73
1 0.997516428647937 134210131 1 2 73
2 0.894700919243113 134210131 1 2 73
3 0 134210131 1 2 73
1 0.971237654237432 134210132 1 2 73
2 1.33762216639317 134210132 1 2 73
3 3.3680981595092 134210132 1 2 73
1 0.94179968290326 134210133 1 2 73
2 1.06301099316013 134210133 1 2 73
3 0.748466257668712 134210133 1 2 73
4 0.986108574365575 134210141 2 2 73
5 0.566242635038107 134210141 2 2 73
6 0 134210141 2 2 73
4 1.02440466551336 134210142 2 2 73
5 1.33255828330425 134210142 2 2 73
6 1.19321148825065 134210142 2 2 73
4 0.998537454029684 134210143 2 2 73
5 0.703256179860632 134210143 2 2 73
6 2.78416013925152 134210143 2 2 73
1 0.974325051231016 134210231 1 2 73
2 1.31990531650717 134210231 1 2 73
3 0 134210231 1 2 73
1 0.926937097376007 134210232 1 2 73
2 1.03643571833113 134210232 1 2 73
3 0 134210232 1 2 73
1 0.942517682204093 134210233 1 2 73
2 1.02757729338813 134210233 1 2 73
3 0 134210233 1 2 73
4 1.0016919920155 134210241 2 2 73
5 1.46800226595563 134210241 2 2 73
6 3.97737162750218 134210241 2 2 73
4 1.00295380720982 134210242 2 2 73
5 1.31723197033893 134210242 2 2 73
6 3.57963446475196 134210242 2 2 73
4 0.985477666768413 134210243 2 2 73
5 2.42201908445372 134210243 2 2 73
6 0 134210243 2 2 73
1 1.03126239578711 135210331 1 2 73
2 1.00986044350213 135210331 1 2 73
3 0.374233128834356 135210331 1 2 73
1 1.04303758432078 135210332 1 2 73
2 1.00684857902151 135210332 1 2 73
3 1.12269938650307 135210332 1 2 73
1 1.04540698201353 135210333 1 2 73
2 1.28145975225454 135210333 1 2 73
3 0.374233128834356 135210333 1 2 73
4 1.08219580141348 135210341 2 2 73
5 0.857073272633091 135210341 2 2 73
6 0.795474325500435 135210341 2 2 73
4 1.04730661129037 135210343 2 2 73
5 0.681651618210719 135210343 2 2 73
6 0 135210343 2 2 73
1 0.976263649343266 135210431 1 2 73
2 0.785387955446479 135210431 1 2 73
3 2.99386503067485 135210431 1 2 73
1 0.96477566052993 135210432 1 2 73
2 0.321915162428661 135210432 1 2 73
3 0 135210432 1 2 73
1 1.05093557662995 135210433 1 2 73
2 0.779541394984098 135210433 1 2 73
3 3.3680981595092 135210433 1 2 73
4 1.02440466551336 135210441 2 2 73
5 0.518601806784452 135210441 2 2 73
6 0 135210441 2 2 73
4 0.958537912369558 135210442 2 2 73
5 1.2849174550506 135210442 2 2 73
6 0.397737162750218 135210442 2 2 73
4 1.01513032383507 135210443 2 2 73
5 0.835561038169716 135210443 2 2 73
6 0 135210443 2 2 73
1 1.02077960599494 136210631 1 2 73
2 0.758812680617476 136210631 1 2 73
3 0.374233128834356 136210631 1 2 73
1 0.943235681504927 136210632 1 2 73
2 0.752966120155095 136210632 1 2 73
3 0 136210632 1 2 73
1 1.01546641116877 136210633 1 2 73
2 0.933146483495738 136210633 1 2 73
3 2.24539877300613 136210633 1 2 73
4 1.00080872137947 136210643 2 2 73
5 0.493950447978782 136210643 2 2 73
6 0 136210643 2 2 73
1 0.951564473394595 136210731 1 2 77
2 0.906571208666734 136210731 1 2 77
3 0 136210731 1 2 77
1 1.03054439648628 136210732 1 2 77
2 1.51780252973381 136210732 1 2 77
3 0.748466257668712 136210732 1 2 77
1 1.03679099040353 136210733 1 2 77
2 0.888854358780732 136210733 1 2 77
3 1.12269938650307 136210733 1 2 77
4 1.00964142773975 136210741 2 2 77
5 0.626255306287865 136210741 2 2 77
6 2.38642297650131 136210741 2 2 77
4 1.05695949752697 136210742 2 2 77
5 0.623208509132108 136210742 2 2 77
6 3.18189730200174 136210742 2 2 77
4 0.979988770673095 136210743 2 2 77
5 1.66807527918367 136210743 2 2 77
6 3.97737162750218 136210743 2 2 77
1 1.03679099040353 136210831 1 2 77
2 0.86812564441411 136210831 1 2 77
3 0.748466257668712 136210831 1 2 77
1 0.993711032353519 136210832 1 2 77
2 0.685110585091707 136210832 1 2 77
3 0.374233128834356 136210832 1 2 77
1 0.984377041442684 136210833 1 2 77
2 1.47049854053819 136210833 1 2 77
3 2.24539877300613 136210833 1 2 77
4 1.05380495954115 136210841 2 2 77
5 0.586277634516872 136210841 2 2 77
6 0.397737162750218 136210841 2 2 77
4 1.02017758461237 136210842 2 2 77
5 0.603173509653343 136210842 2 2 77
6 1.59094865100087 136210842 2 2 77
4 1.03298500883478 136210843 2 2 77
5 0.600126712497586 136210843 2 2 77
6 1.98868581375109 136210843 2 2 77
1 0.993495632563269 137210931 1 2 77
2 0.655523445782083 137210931 1 2 77
3 3.3680981595092 137210931 1 2 77
1 1.00232702396352 137210932 1 2 77
2 1.44392326570918 137210932 1 2 77
3 0 137210932 1 2 77
1 0.988469637457435 137210933 1 2 77
2 0.646665020839082 137210933 1 2 77
3 1.49693251533742 137210933 1 2 77
4 0.981881493464584 137210941 2 2 77
5 0.763268851110391 137210941 2 2 77
6 3.18189730200174 137210941 2 2 77
4 0.953490651592255 137210942 2 2 77
5 0.441600933211685 137210942 2 2 77
6 1.98868581375109 137210942 2 2 77
4 1.01367923636159 137210943 2 2 77
5 0.583230837361115 137210943 2 2 77
6 0 137210943 2 2 77
1 0.915664508352921 137211031 1 2 77
2 0.814975094756103 137211031 1 2 77
3 0.748466257668712 137211031 1 2 77
1 0.932681091782674 137211032 1 2 77
2 0.809128534293722 137211032 1 2 77
3 0.374233128834356 137211032 1 2 77
1 0.981002444728767 137211033 1 2 77
2 0.800270109350721 137211033 1 2 77
3 0 137211033 1 2 77
4 0.946992303341477 137211041 2 2 77
5 0.429321417402119 137211041 2 2 77
6 0 137211041 2 2 77
4 0.970335884436504 137211042 2 2 77
5 1.77111241936018 137211042 2 2 77
6 1.98868581375109 137211042 2 2 77
1 0.973391652139932 137211131 1 2 77
2 0.773694834521718 137211131 1 2 77
3 0 137211131 1 2 77
1 0.971237654237432 137211132 1 2 77
2 1.04529414327413 137211132 1 2 77
3 1.12269938650307 137211132 1 2 77
1 0.982941042841017 137211133 1 2 77
2 0.764836409578717 137211133 1 2 77
3 2.61963190184049 137211133 1 2 77
4 0.989894019948553 137211141 2 2 77
5 0.557009916384298 137211141 2 2 77
6 0.397737162750218 137211141 2 2 77
4 1.01595050371138 137211143 2 2 77
5 1.16489211255108 137211143 2 2 77
6 0 137211143 2 2 77
1 1.10981151929829 138211231 1 2 77
2 1.93999506251724 138211231 1 2 77
3 0.748466257668712 138211231 1 2 77
4 1.04901006180271 138211241 2 2 77
5 0.541683603418975 138211241 2 2 77
6 3.97737162750218 138211241 2 2 77
1 1.01309701347602 138211331 1 2 77
2 0.729402709806712 138211331 1 2 77
3 0 138211331 1 2 77
1 0.921695702479922 138211332 1 2 77
2 1.00401388303975 138211332 1 2 77
3 0.748466257668712 138211332 1 2 77
1 0.919757104367672 138211333 1 2 77
2 0.720544284863711 138211333 1 2 77
3 0 138211333 1 2 77
4 1.06434111641377 138211341 2 2 77
5 1.57722532763019 138211341 2 2 77
6 0 138211341 2 2 77
4 1.03487773162627 138211342 2 2 77
5 1.14790391022807 138211342 2 2 77
6 0.397737162750218 138211342 2 2 77
4 0.991345107422027 138211343 2 2 77
5 1.14485711307232 138211343 2 2 77
6 0.795474325500435 138211343 2 2 77
1 1.00211162417327 138211431 1 2 77
2 0.980273304192504 138211431 1 2 77
3 0 138211431 1 2 77
1 0.989403036548518 138211432 1 2 77
2 0.696803706016468 138211432 1 2 77
3 2.99386503067485 138211432 1 2 77
1 0.949913075002678 138211433 1 2 77
2 0.693969010034708 138211433 1 2 77
3 0 138211433 1 2 77
4 1.00251217189181 138211441 2 2 77
5 0.898620506575231 138211441 2 2 77
6 3.57963446475196 138211441 2 2 77
4 0.991786742740041 138211442 2 2 77
5 0.517032244613305 138211442 2 2 77
6 0.795474325500435 138211442 2 2 77
4 0.97140842735168 138211443 2 2 77
5 1.1263916757647 138211443 2 2 77
6 1.19321148825065 138211443 2 2 77
1 1.01166101487436 139211531 1 2 78
2 1.13387839270414 139211531 1 2 78
3 3.3680981595092 139211531 1 2 78
1 1.02889299809436 139211532 1 2 78
2 1.52063722571557 139211532 1 2 78
3 2.99386503067485 139211532 1 2 78
4 1.0094521554606 139211541 2 2 78
5 1.04172764570927 139211541 2 2 78
6 0.397737162750218 139211541 2 2 78
4 1.07317382277405 139211542 2 2 78
5 1.46181634445758 139211542 2 2 78
6 3.18189730200174 139211542 2 2 78
4 1.04875769876385 139211543 2 2 78
5 1.03563405139776 139211543 2 2 78
6 3.18189730200174 139211543 2 2 78
1 1.04777637970628 139211631 1 2 78
2 0.806116669813102 139211631 1 2 78
3 0.748466257668712 139211631 1 2 78
1 0.994213631864103 139211632 1 2 78
2 0.803104805332481 139211632 1 2 78
3 2.99386503067485 139211632 1 2 78
1 0.971453054027682 139211633 1 2 78
2 0.797258244870101 139211633 1 2 78
3 2.24539877300613 139211633 1 2 78
4 0.983584943976924 139211641 2 2 78
5 0.586277634516872 139211641 2 2 78
6 3.18189730200174 139211641 2 2 78
4 1.0435211657074 139211642 2 2 78
5 1.0248317705728 139211642 2 2 78
6 1.98868581375109 139211642 2 2 78
1 1.0489969785177 139211731 1 2 78
2 0.782553259464719 139211731 1 2 78
3 2.61963190184049 139211731 1 2 78
1 1.05667957103661 139211732 1 2 78
2 1.08373970752676 139211732 1 2 78
3 2.61963190184049 139211732 1 2 78
1 0.9791356465466 139211733 1 2 78
2 0.773694834521718 139211733 1 2 78
3 3.3680981595092 139211733 1 2 78
4 1.03090301376414 139211741 2 2 78
5 1.01402948974784 139211741 2 2 78
6 2.38642297650131 139211741 2 2 78
4 1.00926288318145 139211743 2 2 78
5 0.773978804748809 139211743 2 2 78
6 0 139211743 2 2 78
1 0.983874441932101 140211831 1 2 78
2 0.749954255674475 140211831 1 2 78
3 1.87116564417178 140211831 1 2 78
1 0.966642458712098 140211832 1 2 78
2 0.747119559692714 140211832 1 2 78
3 0.748466257668712 140211832 1 2 78
1 1.02673900019186 140211833 1 2 78
2 0.741095830731474 140211833 1 2 78
3 0.374233128834356 140211833 1 2 78
4 1.00125035669748 140211841 2 2 78
5 0.560149040726593 140211841 2 2 78
6 3.18189730200174 140211841 2 2 78
4 1.04686497597236 140211842 2 2 78
5 0.998703176782521 140211842 2 2 78
6 1.59094865100087 140211842 2 2 78
4 1.0094521554606 140211843 2 2 78
5 1.57417853047444 140211843 2 2 78
6 0 140211843 2 2 78
1 0.97935104633685 140211931 1 2 78
2 0.693969010034708 140211931 1 2 78
3 0.748466257668712 140211931 1 2 78
1 0.997516428647937 140211932 1 2 78
2 0.690957145554087 140211932 1 2 78
3 3.74233128834356 140211932 1 2 78
1 0.971453054027682 140211933 1 2 78
2 0.685110585091707 140211933 1 2 78
3 1.49693251533742 140211933 1 2 78
4 1.02225957968301 140211941 2 2 78
5 0.543160838403584 140211941 2 2 78
6 1.19321148825065 140211941 2 2 78
4 0.956266645019771 140211942 2 2 78
5 0.837130600340863 140211942 2 2 78
6 1.19321148825065 140211942 2 2 78
4 1.00882124786344 140211943 2 2 78
5 0.366261948996604 140211943 2 2 78
6 3.57963446475196 140211943 2 2 78
1 1.04088358641828 140212031 1 2 78
2 0.667393735205704 140212031 1 2 78
3 1.49693251533742 140212031 1 2 78
1 1.04181698550936 140212032 1 2 78
2 0.971414879249503 140212032 1 2 78
3 0 140212032 1 2 78
1 1.05165357593078 140212033 1 2 78
2 0.968580183267742 140212033 1 2 78
3 0.374233128834356 140212033 1 2 78
4 1.01494105155592 140212041 2 2 78
5 2.39432092849229 140212041 2 2 78
6 3.18189730200174 140212041 2 2 78
4 1.02188103512471 140212042 2 2 78
5 0.515462682442157 140212042 2 2 78
6 0.397737162750218 140212042 2 2 78
4 1.02333212259819 140212043 2 2 78
5 0.5124158852864 140212043 2 2 78
6 0.397737162750218 140212043 2 2 78
1 1.06910095894103 141212131 1 3 84
2 1.50292037582957 141212131 1 3 84
3 2.24539877300613 141212131 1 3 84
1 0.994070032003936 141212132 1 3 84
2 1.82784740273885 141212132 1 3 84
3 0.374233128834356 141212132 1 3 84
1 1.01812300858186 141212133 1 3 84
2 0.944839604420499 141212133 1 3 84
3 1.49693251533742 141212133 1 3 84
4 1.04762206508896 141212141 2 3 84
5 1.2279515809566 141212141 2 3 84
6 1.59094865100087 141212141 2 3 84
4 1.03815845113151 141212142 2 3 84
5 1.39571007889631 141212142 2 3 84
6 0.397737162750218 141212142 2 3 84
1 1.03535499180186 141212231 1 3 84
2 1.17232395695677 141212231 1 3 84
3 0 141212231 1 3 84
1 1.01022501627269 141212232 1 3 84
2 1.4469351301898 141212232 1 3 84
3 0.374233128834356 141212232 1 3 84
1 0.988326037597268 141212233 1 3 84
2 1.16630022799553 141212233 1 3 84
3 0 141212233 1 3 84
4 0.982323128782598 141212241 2 3 84
5 1.20025342499517 141212241 2 3 84
6 0 141212241 2 3 84
4 0.971597699630829 141212242 2 3 84
5 1.70500615379891 141212242 2 3 84
6 0.795474325500435 141212242 2 3 84
4 0.998726726308833 141212243 2 3 84
5 0.940167740517372 141212243 2 3 84
6 0 141212243 2 3 84
1 1.00448102186602 141212331 1 3 84
2 0.888854358780732 141212331 1 3 84
3 0 141212331 1 3 84
1 0.993711032353519 141212332 1 3 84
2 1.13387839270414 141212332 1 3 84
3 1.49693251533742 141212332 1 3 84
1 1.02458500228936 141212333 1 3 84
2 1.13086652822352 141212333 1 3 84
3 1.87116564417178 141212333 1 3 84
4 1.00692852507195 141212341 2 3 84
5 0.929457786878953 141212341 2 3 84
6 0 141212341 2 3 84
4 0.980114952192528 141212343 2 3 84
5 0.595510353170681 141212343 2 3 84
6 0 141212343 2 3 84
1 1.03104699599686 1421032 1 1 11
2 1.11917340729876 1421032 1 1 11
3 1.49693251533742 1421032 1 1 11
1 1.00613242025794 1421033 1 1 11
2 1.11616154281814 1421033 1 1 11
3 0 1421033 1 1 11
4 0.993490193252381 1421041 2 1 11
5 0.91560870889824 1421041 2 1 11
6 1.19321148825065 1421041 2 1 11
4 0.989704747669404 1421042 2 1 11
5 0.763268851110391 1421042 2 1 11
6 0.795474325500435 1421042 2 1 11
4 1.03784299733293 1421043 2 1 11
5 0.760129726768096 1421043 2 1 11
6 3.18189730200174 1421043 2 1 11
1 1.01575361088911 1421131 1 1 11
2 0.758812680617476 1421131 1 1 11
3 1.49693251533742 1421131 1 1 11
1 1.02149760529577 1421132 1 1 11
2 0.752966120155095 1421132 1 1 11
3 1.49693251533742 1421132 1 1 11
1 1.01044041606294 1421133 1 1 11
2 1.41734799088018 1421133 1 1 11
3 0 1421133 1 1 11
4 0.987812024877915 1421141 2 1 11
5 0.998703176782521 1421141 2 1 11
6 3.57963446475196 1421141 2 1 11
4 0.994941280725856 1421142 2 1 11
5 1.15104303457037 1421142 2 1 11
6 1.98868581375109 1421142 2 1 11
4 1.00503580228046 1421143 2 1 11
5 1.49726998408821 1421143 2 1 11
6 0 1421143 2 1 11
1 1.01718960949077 1421231 1 1 11
2 1.68310073917021 1421231 1 1 11
3 0.374233128834356 1421231 1 1 11
1 0.989618436338769 1421232 1 1 11
2 1.3937845805318 1421232 1 1 11
3 2.24539877300613 1421232 1 1 11
1 0.984879640953268 1421233 1 1 11
2 1.05716443269775 1421233 1 1 11
3 0.748466257668712 1421233 1 1 11
4 1.00061944910032 1421241 2 1 11
5 1.2325679402835 1421241 2 1 11
6 0 1421241 2 1 11
4 1.00648688975394 1421242 2 1 11
5 0.981714974459512 1421242 2 1 11
6 2.78416013925152 1421242 2 1 11
4 1.00989379077862 1421243 2 1 11
5 1.13405483224736 1421243 2 1 11
6 2.78416013925152 1421243 2 1 11
1 1.00986601662227 142212431 1 3 84
2 1.39077271605118 142212431 1 3 84
3 0 142212431 1 3 84
1 1.01561001102894 142212432 1 3 84
2 1.09844469293214 142212432 1 3 84
3 0 142212432 1 3 84
1 0.963196062068097 142212433 1 3 84
2 1.38191429110817 142212433 1 3 84
3 0 142212433 1 3 84
4 0.958033186291827 142212441 2 3 84
5 1.17412483120489 142212441 2 3 84
6 0 142212441 2 3 84
4 1.00661307127337 142212442 2 3 84
5 0.72172161716825 142212442 2 3 84
6 0 142212442 2 3 84
4 1.03342664415279 142212443 2 3 84
5 1.33108104831965 142212443 2 3 84
6 0.397737162750218 142212443 2 3 84
1 0.972530052978932 142212531 1 3 84
2 1.59150462525958 142212531 1 3 84
3 0.748466257668712 142212531 1 3 84
1 0.959965065214346 142212532 1 3 84
2 1.24602605248254 142212532 1 3 84
3 0 142212532 1 3 84
1 0.982941042841017 142212533 1 3 84
2 1.5856580647972 142212533 1 3 84
3 0.374233128834356 142212533 1 3 84
4 0.989894019948553 142212541 2 3 84
5 1.61415620224543 142212541 2 3 84
6 0.397737162750218 142212541 2 3 84
4 0.997780364913089 142212542 2 3 84
5 1.09103036332061 142212542 2 3 84
6 1.19321148825065 142212542 2 3 84
4 0.996834003517344 142212543 2 3 84
5 1.75578610639486 142212543 2 3 84
6 1.19321148825065 142212543 2 3 84
1 1.00807101837019 142212631 1 3 84
2 0.944839604420499 142212631 1 3 84
3 0 142212631 1 3 84
1 1.01453301207769 142212632 1 3 84
2 1.57095307939182 142212632 1 3 84
3 0 142212632 1 3 84
1 1.01704600963061 142212633 1 3 84
2 0.938993043958119 142212633 1 3 84
3 2.24539877300613 142212633 1 3 84
4 0.975067691415225 142212641 2 3 84
5 1.08022808249565 142212641 2 3 84
6 0.795474325500435 142212641 2 3 84
4 0.979168590796784 142212642 2 3 84
5 1.74655338774105 142212642 2 3 84
6 0 142212642 2 3 84
4 1.00819034026628 142212643 2 3 84
5 1.40494279755012 142212643 2 3 84
6 0 142212643 2 3 84
1 0.947759077100177 143212731 1 3 84
2 0.924288058552737 143212731 1 3 84
3 0 143212731 1 3 84
1 0.937348087238092 143212732 1 3 84
2 1.19889923178577 143212732 1 3 84
3 0 143212732 1 3 84
1 0.99909602710977 143212733 1 3 84
2 1.19588736730515 143212733 1 3 84
3 0.374233128834356 143212733 1 3 84
4 0.970020430637922 143212741 2 3 84
5 1.73879790407185 143212741 2 3 84
6 0.397737162750218 143212741 2 3 84
4 1.00125035669748 143212742 2 3 84
5 1.39571007889631 143212742 2 3 84
6 1.59094865100087 143212742 2 3 84
4 0.939736865974104 143212743 2 3 84
5 1.23718429961041 143212743 2 3 84
6 0.795474325500435 143212743 2 3 84
1 0.930886093530591 143212831 1 3 84
2 1.53551937961981 143212831 1 3 84
3 0.374233128834356 143212831 1 3 84
1 0.968581056824348 143212833 1 3 84
2 1.53250751513919 143212833 1 3 84
3 0 143212833 1 3 84
4 0.987685843358483 143212842 2 3 84
5 1.06019308301689 143212842 2 3 84
6 1.98868581375109 143212842 2 3 84
4 0.923648722246451 143212843 2 3 84
5 1.05871584803228 143212843 2 3 84
6 0 143212843 2 3 84
1 0.965350059970597 143212931 1 3 94
2 1.16045366753315 143212931 1 3 94
3 1.87116564417178 143212931 1 3 94
1 1.03032899669603 143212932 1 3 94
2 0.87397220487649 143212932 1 3 94
3 0.374233128834356 143212932 1 3 94
1 0.982223043540184 143212933 1 3 94
2 1.15460710707077 143212933 1 3 94
3 0 143212933 1 3 94
4 0.997780364913089 143212941 2 3 94
5 1.56494581182063 143212941 2 3 94
6 1.19321148825065 143212941 2 3 94
4 1.03468845934712 143212942 2 3 94
5 1.06176264518804 143212942 2 3 94
6 2.38642297650131 143212942 2 3 94
4 0.979799498393947 143212943 2 3 94
5 1.05871584803228 143212943 2 3 94
6 0 143212943 2 3 94
1 0.954939070108512 144213031 1 3 94
2 1.49122725490481 144213031 1 3 94
3 1.87116564417178 144213031 1 3 94
1 1.01022501627269 144213032 1 3 94
2 1.48821539042419 144213032 1 3 94
3 0 144213032 1 3 94
1 1.04217598515978 144213033 1 3 94
2 1.48520352594357 144213033 1 3 94
3 0 144213033 1 3 94
4 1.00503580228046 144213041 2 3 94
5 1.20182298716632 144213041 2 3 94
6 0 144213041 2 3 94
4 0.980745859789691 144213042 2 3 94
5 1.20025342499517 144213042 2 3 94
6 0 144213042 2 3 94
4 0.990840381344297 144213043 2 3 94
5 1.04329720788042 144213043 2 3 94
6 0.397737162750218 144213043 2 3 94
1 0.976838048783933 144213131 1 3 94
2 0.826845384179724 144213131 1 3 94
3 0 144213131 1 3 94
1 0.996583029556853 144213132 1 3 94
2 1.10730311787514 144213132 1 3 94
3 1.87116564417178 144213132 1 3 94
1 0.95960606556393 144213133 1 3 94
2 1.46164011559518 144213133 1 3 94
3 1.12269938650307 144213133 1 3 94
4 1.00377398708614 144213141 2 3 94
5 1.35720964210992 144213141 2 3 94
6 0 144213141 2 3 94
4 0.963395900867712 144213143 2 3 94
5 1.35564007993878 144213143 2 3 94
6 0 144213143 2 3 94
1 0.94524607954726 144213231 1 3 94
2 1.37606773064579 144213231 1 3 94
3 0.374233128834356 144213231 1 3 94
1 1.02243100438686 144213232 1 3 94
2 1.01287230798275 144213232 1 3 94
3 0.748466257668712 144213232 1 3 94
1 1.04217598515978 144213233 1 3 94
2 0.726390845326092 144213233 1 3 94
3 2.61963190184049 144213233 1 3 94
4 0.9958876421216 144213241 2 3 94
5 1.14181031591656 144213241 2 3 94
6 3.18189730200174 144213241 2 3 94
4 1.01008306305776 144213242 2 3 94
5 1.14024075374541 144213242 2 3 94
6 1.19321148825065 144213242 2 3 94
4 1.01134487825209 144213243 2 3 94
5 0.98328453663066 144213243 2 3 94
6 0 144213243 2 3 94
1 0.955298069758929 145213331 1 3 94
2 1.33762216639317 145213331 1 3 94
3 1.12269938650307 145213331 1 3 94
1 0.935194089335592 145213332 1 3 94
2 0.977438608210743 145213332 1 3 94
3 0 145213332 1 3 94
1 1.01453301207769 145213333 1 3 94
2 0.971414879249503 145213333 1 3 94
3 0 145213333 1 3 94
4 0.973174968623736 145213341 2 3 94
5 0.969435458649946 145213341 2 3 94
6 0 145213341 2 3 94
4 0.974436783818062 145213343 2 3 94
5 1.46495546879988 145213343 2 3 94
6 0 145213343 2 3 94
1 1.02638000054144 145213431 1 3 94
2 1.81597711331523 145213431 1 3 94
3 0 145213431 1 3 94
1 1.04002198725728 145213432 1 3 94
2 1.81013055285285 145213432 1 3 94
3 0.374233128834356 145213432 1 3 94
1 1.02243100438686 145213433 1 3 94
2 1.30520033110178 145213433 1 3 94
3 0 145213433 1 3 94
4 1.00819034026628 145213441 2 3 94
5 0.954016818498085 145213441 2 3 94
6 0 145213441 2 3 94
4 1.02049303841095 145213442 2 3 94
5 0.687837539708771 145213442 2 3 94
6 0.397737162750218 145213442 2 3 94
4 0.98705493576132 145213443 2 3 94
5 1.2725456120545 145213443 2 3 94
6 0 145213443 2 3 94
1 1.03643199075311 146213631 1 3 94
2 1.28145975225454 146213631 1 3 94
3 0.374233128834356 146213631 1 3 94
1 1.05186897572103 146213632 1 3 94
2 1.78355527802385 146213632 1 3 94
3 0 146213632 1 3 94
1 1.02853399844394 146213633 1 3 94
2 1.27561319179216 146213633 1 3 94
3 0 146213633 1 3 94
4 1.01197578584925 146213641 2 3 94
5 0.940167740517372 146213641 2 3 94
6 0 146213641 2 3 94
4 1.06024021703221 146213642 2 3 94
5 1.09103036332061 146213642 2 3 94
6 0 146213642 2 3 94
4 1.04068208152016 146213643 2 3 94
5 1.08789123897832 146213643 2 3 94
6 0 146213643 2 3 94
1 1.03607299110269 146213731 1 3 104
2 1.27862505627278 146213731 1 3 104
3 0 146213731 1 3 104
1 1.04181698550936 146213732 1 3 104
2 1.77469685308084 146213732 1 3 104
3 0.374233128834356 146213732 1 3 104
1 1.03248299459853 146213733 1 3 104
2 0.628948170953079 146213733 1 3 104
3 0 146213733 1 3 104
4 1.03752754353435 146213741 2 3 104
5 0.930935021863563 146213741 2 3 104
6 0.397737162750218 146213741 2 3 104
4 1.01923122321663 146213742 2 3 104
5 1.43264095351154 146213742 2 3 104
6 2.78416013925152 146213742 2 3 104
4 1.05550841005349 146213743 2 3 104
5 0.926318662536658 146213743 2 3 104
6 0 146213743 2 3 104
1 0.971094054377265 146213831 1 3 104
2 0.891689054762493 146213831 1 3 104
3 0 146213831 1 3 104
1 0.991557034451019 146213832 1 3 104
2 1.25789634190616 146213832 1 3 104
3 1.49693251533742 146213832 1 3 104
1 0.980787044938517 146213833 1 3 104
2 0.885842494300112 146213833 1 3 104
3 0 146213833 1 3 104
4 1.01828486182088 146213841 2 3 104
5 0.920225068225144 146213841 2 3 104
6 0 146213841 2 3 104
4 0.958979547687572 146213842 2 3 104
5 1.42340823485774 146213842 2 3 104
6 1.59094865100087 146213842 2 3 104
4 0.935005058995382 146213843 2 3 104
5 1.0694258016707 146213843 2 3 104
6 0.397737162750218 146213843 2 3 104
1 0.987967037946851 147213931 1 3 104
2 1.16630022799553 147213931 1 3 104
3 0 147213931 1 3 104
1 0.991557034451019 147213932 1 3 104
2 1.16045366753315 147213932 1 3 104
3 0 147213932 1 3 104
1 0.964632060669764 147213933 1 3 104
2 1.15744180305253 147213933 1 3 104
3 1.87116564417178 147213933 1 3 104
4 0.961187724277642 147213941 2 3 104
5 0.618592149805204 147213941 2 3 104
6 1.98868581375109 147213941 2 3 104
4 0.958348640090409 147213942 2 3 104
5 0.874061474956099 147213942 2 3 104
6 1.98868581375109 147213942 2 3 104
4 0.972859514825155 147213943 2 3 104
5 0.610928993322542 147213943 2 3 104
6 0 147213943 2 3 104
1 1.01596901067936 147214031 1 3 104
2 0.767671105560477 147214031 1 3 104
3 2.99386503067485 147214031 1 3 104
1 1.00950701697186 147214032 1 3 104
2 1.13972495316652 147214032 1 3 104
3 2.61963190184049 147214032 1 3 104
1 0.9782740473856 147214033 1 3 104
2 0.758812680617476 147214033 1 3 104
3 3.3680981595092 147214033 1 3 104
4 1.00692852507195 147214041 2 3 104
5 0.860212396975386 147214041 2 3 104
6 0 147214041 2 3 104
4 0.975383145213807 147214042 2 3 104
5 0.597079915341829 147214042 2 3 104
6 0.795474325500435 147214042 2 3 104
4 1.02806392957691 147214043 2 3 104
5 0.855596037648481 147214043 2 3 104
6 0 147214043 2 3 104
1 1.02638000054144 148214231 1 3 104
2 1.09543282845152 148214231 1 3 104
3 0 148214231 1 3 104
1 1.01058401592311 148214232 1 3 104
2 1.08958626798914 148214232 1 3 104
3 0 148214232 1 3 104
1 0.983659042141851 148214233 1 3 104
2 1.08373970752676 148214233 1 3 104
3 0 148214233 1 3 104
4 0.992417650337204 148214241 2 3 104
5 0.392390542786883 148214241 2 3 104
6 1.59094865100087 148214241 2 3 104
4 0.994625826927274 148214242 2 3 104
5 0.58009171301882 148214242 2 3 104
6 0 148214242 2 3 104
4 0.961187724277642 148214243 2 3 104
5 0.835561038169716 148214243 2 3 104
6 0 148214243 2 3 104
1 0.96176006346643 148214331 1 3 104
2 0.419357836801673 148214331 1 3 104
3 3.3680981595092 148214331 1 3 104
1 0.940938083742259 148214332 1 3 104
2 1.06301099316013 148214332 1 3 104
3 0 148214332 1 3 104
1 0.943451081295177 148214333 1 3 104
2 0.682098720611086 148214333 1 3 104
3 1.87116564417178 148214333 1 3 104
4 0.976960414206714 148214341 2 3 104
5 0.564765400053497 148214341 2 3 104
6 0.397737162750218 148214341 2 3 104
4 0.964657716062038 148214342 2 3 104
5 1.79114741883895 148214342 2 3 104
6 0 148214342 2 3 104
4 0.978537683199621 148214343 2 3 104
5 0.560149040726593 148214343 2 3 104
6 0.397737162750218 148214343 2 3 104
1 0.991198034800602 148214431 1 3 104
2 1.53551937961981 148214431 1 3 104
3 0 148214431 1 3 104
1 1.00699401941894 148214432 1 3 104
2 1.52949565065857 148214432 1 3 104
3 0 148214432 1 3 104
1 1.01417401242727 148214433 1 3 104
2 0.655523445782083 148214433 1 3 104
3 0 148214433 1 3 104
4 0.99367946553153 148214441 2 3 104
5 0.955586380669233 148214441 2 3 104
6 0.795474325500435 148214441 2 3 104
4 0.904406040532983 148214443 2 3 104
5 0.952539583513476 148214443 2 3 104
6 0 148214443 2 3 104
1 1.02602100089103 149214531 1 3 109
2 0.593514471181075 149214531 1 3 109
3 0 149214531 1 3 109
1 1.00448102186602 149214532 1 3 109
2 0.587667910718694 149214532 1 3 109
3 0 149214532 1 3 109
1 1.01740500928102 149214533 1 3 109
2 1.44091140122856 149214533 1 3 109
3 0 149214533 1 3 109
4 1.01828486182088 149214541 2 3 109
5 0.764746086095 149214541 2 3 109
6 0 149214541 2 3 109
4 1.02932574477123 149214542 2 3 109
5 0.91560870889824 149214542 2 3 109
6 0 149214542 2 3 109
4 0.989578566149971 149214543 2 3 109
5 0.758652491783487 149214543 2 3 109
6 0 149214543 2 3 109
1 0.967145058222681 149214631 1 3 109
2 0.944839604420499 149214631 1 3 109
3 0 149214631 1 3 109
1 1.01955900718352 149214632 1 3 109
2 0.888854358780732 149214632 1 3 109
3 1.12269938650307 149214632 1 3 109
1 0.970376055076432 149214633 1 3 109
2 0.882830629819491 149214633 1 3 109
3 0 149214633 1 3 109
4 1.01860031561946 149214641 2 3 109
5 1.08327487965141 149214641 2 3 109
6 0.795474325500435 149214641 2 3 109
4 1.01166033205067 149214642 2 3 109
5 0.746280648787382 149214642 2 3 109
6 1.19321148825065 149214642 2 3 109
4 0.998726726308833 149214643 2 3 109
5 0.743233851631626 149214643 2 3 109
6 2.78416013925152 149214643 2 3 109
1 1.00986601662227 149214731 1 3 109
2 0.859267219471108 149214731 1 3 109
3 1.87116564417178 149214731 1 3 109
1 1.0062760201181 149214732 1 3 109
2 1.33177560593079 149214732 1 3 109
3 0 149214732 1 3 109
1 1.01812300858186 149214733 1 3 109
2 1.32876374145017 149214733 1 3 109
3 1.12269938650307 149214733 1 3 109
4 0.974436783818062 149214741 2 3 109
5 1.22028842447394 149214741 2 3 109
6 0.795474325500435 149214741 2 3 109
4 0.997464911114507 149214742 2 3 109
5 0.704733414845242 149214742 2 3 109
6 0 149214742 2 3 109
4 1.00377398708614 149214743 2 3 109
5 0.861689631959995 149214743 2 3 109
6 2.38642297650131 149214743 2 3 109
1 1.0041220222156 150214831 1 3 109
2 1.31104689156417 150214831 1 3 109
3 0.374233128834356 150214831 1 3 109
1 0.986172039694768 150214832 1 3 109
2 1.30218846662116 150214832 1 3 109
3 0 150214832 1 3 109
1 1.03427799285061 150214833 1 3 109
2 1.29917660214054 150214833 1 3 109
3 2.61963190184049 150214833 1 3 109
4 0.9958876421216 150214841 2 3 109
5 1.34493012630036 150214841 2 3 109
6 0.397737162750218 150214841 2 3 109
4 0.975698599012388 150214842 2 3 109
5 0.849410116150429 150214842 2 3 109
6 0 150214842 2 3 109
4 0.982954036379761 150214843 2 3 109
5 0.684790742553014 150214843 2 3 109
6 0.397737162750218 150214843 2 3 109
1 1.01237901417519 150214931 1 3 109
2 1.28145975225454 150214931 1 3 109
3 1.87116564417178 150214931 1 3 109
1 1.0041220222156 150214932 1 3 109
2 0.797258244870101 150214932 1 3 109
3 3.3680981595092 150214932 1 3 109
1 0.992634033402269 150214933 1 3 109
2 0.79424638038948 150214933 1 3 109
3 3.74233128834356 150214933 1 3 109
4 0.969389523040759 150214941 2 3 109
5 1.18640434701446 150214941 2 3 109
6 0 150214941 2 3 109
4 0.985162212969831 150214942 2 3 109
5 1.18483478484331 150214942 2 3 109
6 0 150214942 2 3 109
4 0.976329506609551 150214943 2 3 109
5 1.00331953610943 150214943 2 3 109
6 1.98868581375109 150214943 2 3 109
1 1.01740500928102 150215031 1 3 109
2 1.24903791696316 150215031 1 3 109
3 1.12269938650307 150215031 1 3 109
1 0.963555061718514 150215032 1 3 109
2 1.24319135650078 150215032 1 3 109
3 1.49693251533742 150215032 1 3 109
1 1.01668700998019 150215033 1 3 109
2 0.761824545098096 150215033 1 3 109
3 0.748466257668712 150215033 1 3 109
4 0.968127707846433 150215041 2 3 109
5 0.994086817455616 150215041 2 3 109
6 1.59094865100087 150215041 2 3 109
4 1.01639213902939 150215042 2 3 109
5 0.989470458128712 150215042 2 3 109
6 0 150215042 2 3 109
4 1.04478298090172 150215043 2 3 109
5 0.652476227264683 150215043 2 3 109
6 0 150215043 2 3 109
1 1.01309701347602 151215131 1 3 109
2 0.741095830731474 151215131 1 3 109
3 2.99386503067485 151215131 1 3 109
1 0.985095040743518 151215132 1 3 109
2 0.735249270269093 151215132 1 3 109
3 0 151215132 1 3 109
1 1.05438197327395 151215133 1 3 109
2 1.21059235271053 151215133 1 3 109
3 0 151215133 1 3 109
4 1.01008306305776 151215141 2 3 109
5 0.643243508610874 151215141 2 3 109
6 2.38642297650131 151215141 2 3 109
4 0.971597699630829 151215142 2 3 109
5 0.975621380147998 151215142 2 3 109
6 0 151215142 2 3 109
4 0.960556816680479 151215143 2 3 109
5 0.972482255805703 151215143 2 3 109
6 1.59094865100087 151215143 2 3 109
1 1.01920000753311 151215231 1 3 109
2 0.71452055590247 151215231 1 3 109
3 0.748466257668712 151215231 1 3 109
1 1.03391899320019 151215232 1 3 109
2 0.71168585992071 151215232 1 3 109
3 0 151215232 1 3 109
1 1.02243100438686 151215233 1 3 109
2 0.705662130959469 151215233 1 3 109
3 0 151215233 1 3 109
4 1.00661307127337 151215241 2 3 109
5 0.62939443063016 151215241 2 3 109
6 0.795474325500435 151215241 2 3 109
4 0.985162212969831 151215242 2 3 109
5 0.960202739996137 151215242 2 3 109
6 1.19321148825065 151215242 2 3 109
4 1.04951478788044 151215243 2 3 109
5 0.624778071303256 151215243 2 3 109
6 0.397737162750218 151215243 2 3 109
1 0.993352032703102 151215331 1 3 110
2 1.16045366753315 151215331 1 3 110
3 1.87116564417178 151215331 1 3 110
1 0.991557034451019 151215332 1 3 110
2 1.15460710707077 151215332 1 3 110
3 0.374233128834356 151215332 1 3 110
1 0.971812053678098 151215333 1 3 110
2 1.14858337810952 151215333 1 3 110
3 0 151215333 1 3 110
4 0.987370389559901 151215341 2 3 110
5 1.26026609624493 151215341 2 3 110
6 0 151215341 2 3 110
4 0.993994919330111 151215342 2 3 110
5 0.935551381190467 151215342 2 3 110
6 0 151215342 2 3 110
4 1.00061944910032 151215343 2 3 110
5 0.93250458403471 151215343 2 3 110
6 0 151215343 2 3 110
1 1.02795959900328 1521431 1 1 11
2 1.64766703939821 1521431 1 1 11
3 3.3680981595092 1521431 1 1 11
1 1.00591702046769 1521432 1 1 11
2 1.02456542890751 1521432 1 1 11
3 0 1521432 1 1 11
1 0.941081683602426 1521433 1 1 11
2 1.02173073292575 1521433 1 1 11
3 0 1521433 1 1 11
4 0.948885026132966 1521441 2 1 11
5 0.546299962745879 1521441 2 1 11
6 0 1521441 2 1 11
4 0.987812024877915 1521442 2 1 11
5 0.543160838403584 1521442 2 1 11
6 0 1521442 2 1 11
4 0.844154365003928 1521443 2 1 11
5 0.540114041247827 1521443 2 1 11
6 3.57963446475196 1521443 2 1 11
1 0.976479049133516 1521531 1 1 11
2 2.11131700091489 1521531 1 1 11
3 0 1521531 1 1 11
1 1.03557039159211 1521532 1 1 11
2 2.10830513643427 1521532 1 1 11
3 0 1521532 1 1 11
4 0.988821477033376 1521541 2 1 11
5 1.3864773602425 1521541 2 1 11
6 3.18189730200174 1521541 2 1 11
1 0.972171053328515 152215431 1 3 110
2 1.13086652822352 152215431 1 3 110
3 0.748466257668712 152215431 1 3 110
1 1.01561001102894 152215432 1 3 110
2 1.12803183224176 152215432 1 3 110
3 2.61963190184049 152215432 1 3 110
1 0.991557034451019 152215433 1 3 110
2 0.602372896124076 152215433 1 3 110
3 1.49693251533742 152215433 1 3 110
4 1.01386850864074 152215441 2 3 110
5 1.69725067012971 152215441 2 3 110
6 0 152215441 2 3 110
4 0.962134085673386 152215442 2 3 110
5 0.593940790999534 152215442 2 3 110
6 0 152215442 2 3 110
4 0.943522311557081 152215443 2 3 110
5 0.592463556014924 152215443 2 3 110
6 0 152215443 2 3 110
1 1.01237901417519 152215531 1 3 110
2 1.11031498235576 152215531 1 3 110
3 1.12269938650307 152215531 1 3 110
1 0.959965065214346 152215532 1 3 110
2 1.10429125339452 152215532 1 3 110
3 0.748466257668712 152215532 1 3 110
1 0.992275033751852 152215533 1 3 110
2 0.578809485775693 152215533 1 3 110
3 0.374233128834356 152215533 1 3 110
4 0.982007674984017 152215542 2 3 110
5 0.909422787400188 152215542 2 3 110
6 0 152215542 2 3 110
4 1.0009349028989 152215543 2 3 110
5 1.68035479499324 152215543 2 3 110
6 0 152215543 2 3 110
1 0.989762036198935 152215631 1 3 110
2 1.08072784304614 152215631 1 3 110
3 0 152215631 1 3 110
1 1.01920000753311 152215632 1 3 110
2 1.07771597856552 152215632 1 3 110
3 2.99386503067485 152215632 1 3 110
1 0.993352032703102 152215633 1 3 110
2 1.33762216639317 152215633 1 3 110
3 1.12269938650307 152215633 1 3 110
4 0.961187724277642 152215641 2 3 110
5 1.3741055172464 152215641 2 3 110
6 0 152215641 2 3 110
4 0.998726726308833 152215642 2 3 110
5 0.706302977016389 152215642 2 3 110
6 0 152215642 2 3 110
4 0.946045941945733 152215643 2 3 110
5 0.566242635038107 152215643 2 3 110
6 0.397737162750218 152215643 2 3 110
1 1.03068799634644 153215732 1 3 110
2 1.29634190615878 153215732 1 3 110
3 0 153215732 1 3 110
1 1.03930398795644 153215733 1 3 110
2 1.02757729338813 153215733 1 3 110
3 1.49693251533742 153215733 1 3 110
4 0.977906775602458 153215741 2 3 110
5 0.874061474956099 153215741 2 3 110
6 1.59094865100087 153215741 2 3 110
4 1.02427848399393 153215742 2 3 110
5 0.870922350613804 153215742 2 3 110
6 0 153215742 2 3 110
4 0.984215851574087 153215743 2 3 110
5 1.4926536247613 153215743 2 3 110
6 0 153215743 2 3 110
1 1.04361198376145 153215831 1 3 110
2 1.00986044350213 153215831 1 3 110
3 1.12269938650307 153215831 1 3 110
1 1.02925199774478 153215832 1 3 110
2 1.62995018951221 153215832 1 3 110
3 1.49693251533742 153215832 1 3 110
1 1.02961099739519 153215833 1 3 110
2 1.00100201855913 153215833 1 3 110
3 3.3680981595092 153215833 1 3 110
4 1.04289025811023 153215841 2 3 110
5 1.18178798768755 153215841 2 3 110
6 1.59094865100087 153215841 2 3 110
4 1.02522484538967 153215842 2 3 110
5 1.4802817817652 153215842 2 3 110
6 2.38642297650131 153215842 2 3 110
4 1.03563482074286 153215843 2 3 110
5 0.529311760422871 153215843 2 3 110
6 0 153215843 2 3 110
1 1.01058401592311 153215931 1 3 110
2 0.983285168673124 153215931 1 3 110
3 2.99386503067485 153215931 1 3 110
1 1.04720198026561 153215932 1 3 110
2 0.980273304192504 153215932 1 3 110
3 2.61963190184049 153215932 1 3 110
1 1.05222797537145 153215933 1 3 110
2 0.977438608210743 153215933 1 3 110
3 3.3680981595092 153215933 1 3 110
4 1.01102942445351 153215941 2 3 110
5 1.16636934753569 153215941 2 3 110
6 0 153215941 2 3 110
4 1.03184937515988 153215942 2 3 110
5 1.46643270378449 153215942 2 3 110
6 0 153215942 2 3 110
4 0.993364011732949 153215943 2 3 110
5 1.61572576441658 153215943 2 3 110
6 0 153215943 2 3 110
1 1.01561001102894 154216031 1 3 110
2 0.959721758324741 154216031 1 3 110
3 2.61963190184049 154216031 1 3 110
1 0.999814026410604 154216032 1 3 110
2 0.9536980293635 154216032 1 3 110
3 2.61963190184049 154216032 1 3 110
4 1.03815845113151 154216041 2 3 110
5 0.644720743595483 154216041 2 3 110
6 0.397737162750218 154216041 2 3 110
4 0.997464911114507 154216042 2 3 110
5 0.830944678842811 154216042 2 3 110
6 0 154216042 2 3 110
4 0.951408656521617 154216043 2 3 110
5 1.14947347239922 154216043 2 3 110
6 0 154216043 2 3 110
1 0.987608038296435 154216131 1 3 111
2 0.7883998199271 154216131 1 3 111
3 1.12269938650307 154216131 1 3 111
1 0.997301028857687 154216132 1 3 111
2 0.785387955446479 154216132 1 3 111
3 0.374233128834356 154216132 1 3 111
1 0.924783099473506 154216133 1 3 111
2 0.47835494692206 154216133 1 3 111
3 0 154216133 1 3 111
4 0.978853136998202 154216141 2 3 111
5 0.258516122306652 154216141 2 3 111
6 0.795474325500435 154216141 2 3 111
4 0.98484675917125 154216142 2 3 111
5 0.415472339421406 154216142 2 3 111
6 0 154216142 2 3 111
4 0.959925909083316 154216143 2 3 111
5 0.663186180903101 154216143 2 3 111
6 0 154216143 2 3 111
1 0.966068059271431 154216231 1 3 111
2 0.761824545098096 154216231 1 3 111
3 0.748466257668712 154216231 1 3 111
1 0.962119063116847 154216232 1 3 111
2 0.755977984635716 154216232 1 3 111
3 0 154216232 1 3 111
1 0.938066086538926 154216233 1 3 111
2 1.00684857902151 154216233 1 3 111
3 0.374233128834356 154216233 1 3 111
4 0.992733104135786 154216241 2 3 111
5 0.401623261440692 154216241 2 3 111
6 0 154216241 2 3 111
4 1.05866294803931 154216242 2 3 111
5 0.818665163033245 154216242 2 3 111
6 1.19321148825065 154216242 2 3 111
4 1.02175485360528 154216243 2 3 111
5 0.940167740517372 154216243 2 3 111
6 0 154216243 2 3 111
1 1.01058401592311 155216331 1 3 111
2 1.19004080684277 155216331 1 3 111
3 1.12269938650307 155216331 1 3 111
1 1.04540698201353 155216332 1 3 111
2 0.962556454306501 155216332 1 3 111
3 0 155216332 1 3 111
1 1.02386700298852 155216333 1 3 111
2 0.959721758324741 155216333 1 3 111
3 0 155216333 1 3 111
4 1.00314307948897 155216341 2 3 111
5 0.637057587112822 155216341 2 3 111
6 0.795474325500435 155216341 2 3 111
4 1.01260669344642 155216342 2 3 111
5 1.07256492601299 155216342 2 3 111
6 0 155216342 2 3 111
4 1.03910481252726 155216343 2 3 111
5 0.632441227785917 155216343 2 3 111
6 0 155216343 2 3 111
1 0.97935104633685 155216531 1 3 111
2 0.938993043958119 155216531 1 3 111
3 0 155216531 1 3 111
1 1.01345601312644 155216532 1 3 111
2 0.679086856130466 155216532 1 3 111
3 0 155216532 1 3 111
1 1.00771201871977 155216533 1 3 111
2 1.15460710707077 155216533 1 3 111
3 0 155216533 1 3 111
4 1.05519295625491 155216541 2 3 111
5 0.903236865902136 155216541 2 3 111
6 0 155216541 2 3 111
4 1.03595027454144 155216543 2 3 111
5 1.04486677005157 155216543 2 3 111
6 0 155216543 2 3 111
1 0.97719704843435 156216631 1 4 115
2 0.79424638038948 156216631 1 4 115
3 0.748466257668712 156216631 1 4 115
1 1.00376302256519 156216632 1 4 115
2 1.33762216639317 156216632 1 4 115
3 0 156216632 1 4 115
1 0.992993033052686 156216633 1 4 115
2 1.33177560593079 156216633 1 4 115
3 0.374233128834356 156216633 1 4 115
4 0.970966792033666 156216641 2 4 115
5 0.709349774172146 156216641 2 4 115
6 0 156216641 2 4 115
4 1.00251217189181 156216642 2 4 115
5 0.704733414845242 156216642 2 4 115
6 3.57963446475196 156216642 2 4 115
4 0.989894019948553 156216643 2 4 115
5 0.609359431151395 156216643 2 4 115
6 1.59094865100087 156216643 2 4 115
4 0.974121330019481 156216741 2 4 115
5 0.960202739996137 156216741 2 4 115
6 3.97737162750218 156216741 2 4 115
4 0.972859514825155 156216742 2 4 115
5 1.38029143874445 156216742 2 4 115
6 3.97737162750218 156216742 2 4 115
4 0.989894019948553 156216743 2 4 115
5 1.09407716047637 156216743 2 4 115
6 1.59094865100087 156216743 2 4 115
1 0.98150504423935 156216831 1 4 115
2 0.749954255674475 156216831 1 4 115
3 2.99386503067485 156216831 1 4 115
1 1.04827897921686 156216832 1 4 115
2 0.744107695212094 156216832 1 4 115
3 0.748466257668712 156216832 1 4 115
1 1.00160902466269 156216833 1 4 115
2 1.02173073292575 156216833 1 4 115
3 2.24539877300613 156216833 1 4 115
4 1.01765395422372 156216841 2 4 115
5 0.544730400574732 156216841 2 4 115
6 1.59094865100087 156216841 2 4 115
4 1.03027210616698 156216842 2 4 115
5 1.24180065893731 156216842 2 4 115
6 1.59094865100087 156216842 2 4 115
4 1.01260669344642 156216843 2 4 115
5 1.23875386178156 156216843 2 4 115
6 0.795474325500435 156216843 2 4 115
1 1.00591702046769 157216932 1 4 115
2 0.705662130959469 157216932 1 4 115
3 0 157216932 1 4 115
1 0.992993033052686 157216933 1 4 115
2 0.699815570497088 157216933 1 4 115
3 2.24539877300613 157216933 1 4 115
4 0.972228607227992 157216941 2 4 115
5 1.22952114312775 157216941 2 4 115
6 0.795474325500435 157216941 2 4 115
4 1.02017758461237 157216942 2 4 115
5 1.22638201878545 157216942 2 4 115
6 0.397737162750218 157216942 2 4 115
4 0.992417650337204 157216943 2 4 115
5 0.930935021863563 157216943 2 4 115
6 0.397737162750218 157216943 2 4 115
1 0.997301028857687 157217031 1 4 115
2 0.404475682897431 157217031 1 4 115
3 0 157217031 1 4 115
1 1.00448102186602 157217032 1 4 115
2 1.22246264213415 157217032 1 4 115
3 1.12269938650307 157217032 1 4 115
1 0.986531039345185 157217033 1 4 115
2 0.95086333338174 157217033 1 4 115
3 0 157217033 1 4 115
4 1.02585575298684 157217041 2 4 115
5 0.917085943882849 157217041 2 4 115
6 1.59094865100087 157217041 2 4 115
4 1.01891576941805 157217042 2 4 115
5 0.775548366919957 157217042 2 4 115
6 0.397737162750218 157217042 2 4 115
4 1.03279573655563 157217043 2 4 115
5 0.7725015697642 157217043 2 4 115
6 0 157217043 2 4 115
1 1.00663501976852 157217131 1 4 115
2 0.649676885319702 157217131 1 4 115
3 1.12269938650307 157217131 1 4 115
1 1.02745699949269 157217132 1 4 115
2 0.643653156358461 157217132 1 4 115
3 0 157217132 1 4 115
1 0.964273061019347 157217133 1 4 115
2 0.921276194072116 157217133 1 4 115
3 0.748466257668712 157217133 1 4 115
4 0.98926311235139 157217141 2 4 115
5 0.632441227785917 157217141 2 4 115
6 1.19321148825065 157217141 2 4 115
4 0.992417650337204 157217142 2 4 115
5 1.03711128638237 157217142 2 4 115
6 0.397737162750218 157217142 2 4 115
4 1.02396303019535 157217143 2 4 115
5 0.895573709419474 157217143 2 4 115
6 0.795474325500435 157217143 2 4 115
1 1.03463699250103 158217231 1 4 115
2 0.620089746010078 158217231 1 4 115
3 0 158217231 1 4 115
1 1.00663501976852 158217232 1 4 115
2 0.614243185547698 158217232 1 4 115
3 0.374233128834356 158217232 1 4 115
1 1.00160902466269 158217233 1 4 115
2 0.611231321067077 158217233 1 4 115
3 2.24539877300613 158217233 1 4 115
4 0.98043040599111 158217241 2 4 115
5 0.477054572842312 158217241 2 4 115
6 0 158217241 2 4 115
4 0.991786742740041 158217242 2 4 115
5 0.743233851631626 158217242 2 4 115
6 1.19321148825065 158217242 2 4 115
4 1.00377398708614 158217243 2 4 115
5 0.741664289460478 158217243 2 4 115
6 3.18189730200174 158217243 2 4 115
1 1.01166101487436 158217331 1 4 115
2 1.38492615558879 158217331 1 4 115
3 0.374233128834356 158217331 1 4 115
1 1.06981895824187 158217332 1 4 115
2 0.581644181757453 158217332 1 4 115
3 0.748466257668712 158217332 1 4 115
1 1.00735301906936 158217333 1 4 115
2 0.578809485775693 158217333 1 4 115
3 0.374233128834356 158217333 1 4 115
4 1.00377398708614 158217341 2 4 115
5 0.461635932690451 158217341 2 4 115
6 1.98868581375109 158217341 2 4 115
4 1.00251217189181 158217342 2 4 115
5 0.312342872058359 158217342 2 4 115
6 1.98868581375109 158217342 2 4 115
4 0.974752237616644 158217343 2 4 115
5 0.593940790999534 158217343 2 4 115
6 0.397737162750218 158217343 2 4 115
1 1.02745699949269 158217431 1 4 125
2 1.09259813246976 158217431 1 4 125
3 0.374233128834356 158217431 1 4 125
1 1.04397098341186 158217432 1 4 125
2 0.906571208666734 158217432 1 4 125
3 3.74233128834356 158217432 1 4 125
1 1.02027700648436 158217433 1 4 125
2 1.07771597856552 158217433 1 4 125
3 0 158217433 1 4 125
4 1.00125035669748 158217441 2 4 125
5 0.438554136055928 158217441 2 4 125
6 1.59094865100087 158217441 2 4 125
4 1.03910481252726 158217442 2 4 125
5 0.981714974459512 158217442 2 4 125
6 2.38642297650131 158217442 2 4 125
4 1.01197578584925 158217443 2 4 125
5 0.84017739749662 158217443 2 4 125
6 0.397737162750218 158217443 2 4 125
1 0.995147030955186 159217531 1 4 125
2 1.05415256821713 159217531 1 4 125
3 0.748466257668712 159217531 1 4 125
1 0.99586503025602 159217532 1 4 125
2 0.516800511174685 159217532 1 4 125
3 2.24539877300613 159217532 1 4 125
1 0.993711032353519 159217533 1 4 125
2 0.513788646694065 159217533 1 4 125
3 2.24539877300613 159217533 1 4 125
4 0.972228607227992 159217541 2 4 125
5 1.12020575426665 159217541 2 4 125
6 0 159217541 2 4 125
4 1.02017758461237 159217542 2 4 125
5 0.824758757344759 159217542 2 4 125
6 0 159217542 2 4 125
1 1.05043297711936 159217631 1 4 125
2 0.758812680617476 159217631 1 4 125
3 0 159217631 1 4 125
1 0.986531039345185 159217632 1 4 125
2 0.752966120155095 159217632 1 4 125
3 0 159217632 1 4 125
1 1.02314900368769 159217633 1 4 125
2 0.747119559692714 159217633 1 4 125
3 1.12269938650307 159217633 1 4 125
4 1.09588649627192 159217641 2 4 125
5 1.36487279859259 159217641 2 4 125
6 1.19321148825065 159217641 2 4 125
4 1.05298477966484 159217642 2 4 125
5 1.23099837811236 159217642 2 4 125
6 0.397737162750218 159217642 2 4 125
4 1.01260669344642 159217643 2 4 125
5 0.804816085052532 159217643 2 4 125
6 2.38642297650131 159217643 2 4 125
1 1.00089102536185 159217731 1 4 125
2 0.717532420383091 159217731 1 4 125
3 0 159217731 1 4 125
1 0.950631074303511 159217732 1 4 125
2 1.21945077765353 159217732 1 4 125
3 0 159217732 1 4 125
1 0.999455026760187 159217733 1 4 125
2 1.21661608167177 159217733 1 4 125
3 0.374233128834356 159217733 1 4 125
4 0.960241362881898 159217741 2 4 125
5 1.34640736128497 159217741 2 4 125
6 1.19321148825065 159217741 2 4 125
4 0.983584943976924 159217742 2 4 125
5 0.652476227264683 159217742 2 4 125
6 0 159217742 2 4 125
4 1.02207030740386 159217743 2 4 125
5 1.67269163851058 159217743 2 4 125
6 1.19321148825065 159217743 2 4 125
1 1.02530300159019 160217831 1 4 125
2 0.935981179477498 160217831 1 4 125
3 0 160217831 1 4 125
1 1.01740500928102 160217832 1 4 125
2 1.44976982617156 160217832 1 4 125
3 1.12269938650307 160217832 1 4 125
1 1.02171300508602 160217833 1 4 125
2 0.389770697492049 160217833 1 4 125
3 0.748466257668712 160217833 1 4 125
4 1.01765395422372 160217841 2 4 125
5 0.767885210437296 160217841 2 4 125
6 0.397737162750218 160217841 2 4 125
4 1.00314307948897 160217842 2 4 125
5 1.05714628586113 160217842 2 4 125
6 2.78416013925152 160217842 2 4 125
4 1.02207030740386 160217843 2 4 125
5 0.392390542786883 160217843 2 4 125
6 0 160217843 2 4 125
1 0.97935104633685 160217931 1 4 125
2 0.720544284863711 160217931 1 4 125
3 0 160217931 1 4 125
1 0.985813040044351 160217932 1 4 125
2 0.360183558182425 160217932 1 4 125
3 0.748466257668712 160217932 1 4 125
1 0.924783099473506 160217933 1 4 125
2 0.71168585992071 160217933 1 4 125
3 0 160217933 1 4 125
4 0.999357633905996 160217941 2 4 125
5 0.201550248212651 160217941 2 4 125
6 0 160217941 2 4 125
4 0.966550438853526 160217942 2 4 125
5 0.473915448500017 160217942 2 4 125
6 0 160217942 2 4 125
4 1.00882124786344 160217943 2 4 125
5 0.472438213515407 160217943 2 4 125
6 0 160217943 2 4 125
1 0.933399091083508 160218031 1 4 125
2 0.602372896124076 160218031 1 4 125
3 1.49693251533742 160218031 1 4 125
1 0.962119063116847 160218032 1 4 125
2 0.596526335661695 160218032 1 4 125
3 0.374233128834356 160218032 1 4 125
1 0.973607051930182 160218033 1 4 125
2 0.856255354990488 160218033 1 4 125
3 0 160218033 1 4 125
4 0.995572188323019 160218041 2 4 125
5 0.729384773650912 160218041 2 4 125
6 0 160218041 2 4 125
4 0.996203095920181 160218042 2 4 125
5 0.726337976495155 160218042 2 4 125
6 0.795474325500435 160218042 2 4 125
4 1.0094521554606 160218043 2 4 125
5 1.14642667524347 160218043 2 4 125
6 0 160218043 2 4 125
1 0.982941042841017 161218131 1 4 125
2 0.307033008524419 161218131 1 4 125
3 1.87116564417178 161218131 1 4 125
1 0.969299056125181 161218132 1 4 125
2 0.304198312542658 161218132 1 4 125
3 0.374233128834356 161218132 1 4 125
4 1.00125035669748 161218141 2 4 125
5 1.00636633326518 161218141 2 4 125
6 0 161218141 2 4 125
4 0.990524927545716 161218142 2 4 125
5 0.30311015340455 161218142 2 4 125
6 0.397737162750218 161218142 2 4 125
4 0.990524927545716 161218143 2 4 125
5 0.846363318994672 161218143 2 4 125
6 0.397737162750218 161218143 2 4 125
1 0.982223043540184 161218231 1 4 126
2 0.723378980845471 161218231 1 4 126
3 2.24539877300613 161218231 1 4 126
1 0.998737027459354 161218232 1 4 126
2 0.717532420383091 161218232 1 4 126
3 1.87116564417178 161218232 1 4 126
1 1.00663501976852 161218233 1 4 126
2 0.434062822207055 161218233 1 4 126
3 1.87116564417178 161218233 1 4 126
4 0.893996065179795 161218241 2 4 126
5 0.794013804227575 161218241 2 4 126
6 0 161218241 2 4 126
4 0.992417650337204 161218242 2 4 126
5 0.789397444900671 161218242 2 4 126
6 2.78416013925152 161218242 2 4 126
4 0.996203095920181 161218243 2 4 126
5 1.52644537503424 161218243 2 4 126
6 0 161218243 2 4 126
1 0.969299056125181 161218331 1 4 126
2 0.410499411858672 161218331 1 4 126
3 0.748466257668712 161218331 1 4 126
1 1.01381501277686 161218332 1 4 126
2 0.407487547378051 161218332 1 4 126
3 0.374233128834356 161218332 1 4 126
1 1.00304502326435 161218333 1 4 126
2 0.401640986915671 161218333 1 4 126
3 0.748466257668712 161218333 1 4 126
4 1.00188126429465 161218341 2 4 126
5 1.51573542139583 161218341 2 4 126
6 0 161218341 2 4 126
4 0.981692221185435 161218342 2 4 126
5 0.773978804748809 161218342 2 4 126
6 0 161218342 2 4 126
4 0.999988541503159 161218343 2 4 126
5 1.3341278454754 161218343 2 4 126
6 0.397737162750218 161218343 2 4 126
1 1.01740500928102 1621631 1 1 11
2 1.79524839894861 1621631 1 1 11
3 1.87116564417178 1621631 1 1 11
1 0.96477566052993 1621632 1 1 11
2 0.974426743730123 1621632 1 1 11
3 0 1621632 1 1 11
1 1.03844238879544 1621633 1 1 11
2 0.968580183267742 1621633 1 1 11
3 1.49693251533742 1621633 1 1 11
4 1.02793774805747 1621641 2 1 11
5 1.56494581182063 1621641 2 1 11
6 0.397737162750218 1621641 2 1 11
4 1.02541411766882 1621642 2 1 11
5 1.44030410999421 1621642 2 1 11
6 3.18189730200174 1621642 2 1 11
4 1.04371043798655 1621643 2 1 11
5 1.37105872009064 1621643 2 1 11
6 1.59094865100087 1621643 2 1 11
1 1.02817499879353 1621731 1 1 21
2 0.965568318787122 1621731 1 1 21
3 0.374233128834356 1621731 1 1 21
1 1.01833840837211 1621732 1 1 21
2 1.56492935043058 1621732 1 1 21
3 2.24539877300613 1621732 1 1 21
1 1.04303758432078 1621733 1 1 21
2 1.56209465444882 1621733 1 1 21
3 0 1621733 1 1 21
4 0.992859285655218 1621741 2 1 21
5 1.26488245557183 1621741 2 1 21
6 0.795474325500435 1621741 2 1 21
4 1.00737016038996 1621743 2 1 21
5 1.53881721803035 1621743 2 1 21
6 0.795474325500435 1621743 2 1 21
1 0.985095040743518 1621831 1 1 21
2 0.933146483495738 1621831 1 1 21
3 0 1621831 1 1 21
1 1.02408240277877 1621832 1 1 21
2 0.927122754534497 1621832 1 1 21
3 0.748466257668712 1621832 1 1 21
1 1.02314900368769 1621833 1 1 21
2 1.52949565065857 1621833 1 1 21
3 0.748466257668712 1621833 1 1 21
4 1.00106108441834 1621841 2 1 21
5 1.25103337759112 1621841 2 1 21
6 0 1621841 2 1 21
4 1.01784322650287 1621842 2 1 21
5 1.40798959470587 1621842 2 1 21
6 0.397737162750218 1621842 2 1 21
4 1.00522507455961 1621843 2 1 21
5 1.40494279755012 1621843 2 1 21
6 0 1621843 2 1 21
1 1.00591702046769 162218431 1 4 126
2 1.18118238189977 162218431 1 4 126
3 0 162218431 1 4 126
1 0.964273061019347 162218432 1 4 126
2 0.894700919243113 162218432 1 4 126
3 2.24539877300613 162218432 1 4 126
1 0.865189157504329 162218433 1 4 126
2 0.891689054762493 162218433 1 4 126
3 0.374233128834356 162218433 1 4 126
4 0.98484675917125 162218441 2 4 126
5 0.760129726768096 162218441 2 4 126
6 1.19321148825065 162218441 2 4 126
4 0.975383145213807 162218442 2 4 126
5 1.16636934753569 162218442 2 4 126
6 0 162218442 2 4 126
4 0.98484675917125 162218443 2 4 126
5 1.31723197033893 162218443 2 4 126
6 1.19321148825065 162218443 2 4 126
1 1.02243100438686 162218531 1 4 126
2 1.15460710707077 162218531 1 4 126
3 0 162218531 1 4 126
1 0.986531039345185 162218532 1 4 126
2 1.14858337810952 162218532 1 4 126
3 2.99386503067485 162218532 1 4 126
1 0.97935104633685 162218533 1 4 126
2 1.14574868212776 162218533 1 4 126
3 0 162218533 1 4 126
4 0.995572188323019 162218541 2 4 126
5 0.192317529558842 162218541 2 4 126
6 0.397737162750218 162218541 2 4 126
4 1.00503580228046 162218543 2 4 126
5 0.60474307182449 162218543 2 4 126
6 0 162218543 2 4 126
1 0.994429031654353 162218631 1 4 126
2 0.835703809122725 162218631 1 4 126
3 0.748466257668712 162218631 1 4 126
1 1.03391899320019 162218632 1 4 126
2 0.593514471181075 162218632 1 4 126
3 1.12269938650307 162218632 1 4 126
4 0.988001297157064 162218641 2 4 126
5 1.00941313042094 162218641 2 4 126
6 0.397737162750218 162218641 2 4 126
4 1.0485684264847 162218642 2 4 126
5 1.96195271393442 162218642 2 4 126
6 0.397737162750218 162218642 2 4 126
1 0.974325051231016 163218731 1 4 126
2 0.806116669813102 163218731 1 4 126
3 0.748466257668712 163218731 1 4 126
1 0.99586503025602 163218732 1 4 126
2 0.800270109350721 163218732 1 4 126
3 0 163218732 1 4 126
1 0.962119063116847 163218733 1 4 126
2 0.55808077140907 163218733 1 4 126
3 0 163218733 1 4 126
4 0.965919531256363 163218741 2 4 126
5 0.712488898514441 163218741 2 4 126
6 0 163218741 2 4 126
4 0.969074069242178 163218742 2 4 126
5 0.986331333786417 163218742 2 4 126
6 0 163218742 2 4 126
4 0.969074069242178 163218743 2 4 126
5 0.984854098801807 163218743 2 4 126
6 0 163218743 2 4 126
1 0.978633047036016 163218831 1 4 126
2 0.755977984635716 163218831 1 4 126
3 0 163218831 1 4 126
1 0.972889052629349 163218832 1 4 126
2 1.5767996398542 163218832 1 4 126
3 0 163218832 1 4 126
1 1.03032899669603 163218833 1 4 126
2 1.29031817719754 163218833 1 4 126
3 0 163218833 1 4 126
4 1.05046114927619 163218841 2 4 126
5 1.09250759830522 163218841 2 4 126
6 0.397737162750218 163218841 2 4 126
4 1.01071397065493 163218842 2 4 126
5 1.09103036332061 163218842 2 4 126
6 0 163218842 2 4 126
4 1.01765395422372 163218843 2 4 126
5 0.541683603418975 163218843 2 4 126
6 0.397737162750218 163218843 2 4 126
1 1.00663501976852 163218931 1 4 126
2 0.723378980845471 163218931 1 4 126
3 0.374233128834356 163218931 1 4 126
1 0.991557034451019 163218932 1 4 126
2 0.717532420383091 163218932 1 4 126
3 1.49693251533742 163218932 1 4 126
1 0.990839035150185 163218933 1 4 126
2 1.25789634190616 163218933 1 4 126
3 0 163218933 1 4 126
4 0.975383145213807 163218941 2 4 126
5 0.81552603869095 163218941 2 4 126
6 0 163218941 2 4 126
4 1.01323760104358 163218942 2 4 126
5 0.812479241535193 163218942 2 4 126
6 0.397737162750218 163218942 2 4 126
4 0.982954036379761 163218943 2 4 126
5 0.663186180903101 163218943 2 4 126
6 3.18189730200174 163218943 2 4 126
1 1.02027700648436 164219031 1 4 127
2 1.47049854053819 164219031 1 4 127
3 0 164219031 1 4 127
1 1.04540698201353 164219032 1 4 127
2 1.16630022799553 164219032 1 4 127
3 0 164219032 1 4 127
1 1.01668700998019 164219033 1 4 127
2 1.16346553201377 164219033 1 4 127
3 0 164219033 1 4 127
4 1.01134487825209 164219041 2 4 127
5 1.1833575498587 164219041 2 4 127
6 0 164219041 2 4 127
4 1.00251217189181 164219042 2 4 127
5 1.35720964210992 164219042 2 4 127
6 0.397737162750218 164219042 2 4 127
1 0.958529066612679 164219131 1 4 127
2 0.891689054762493 164219131 1 4 127
3 0 164219131 1 4 127
1 1.0446889827127 164219132 1 4 127
2 0.590502606700455 164219132 1 4 127
3 0.748466257668712 164219132 1 4 127
1 1.01094301557352 164219133 1 4 127
2 0.587667910718694 164219133 1 4 127
3 0.374233128834356 164219133 1 4 127
4 0.987370389559901 164219141 2 4 127
5 0.757082929612339 164219141 2 4 127
6 1.98868581375109 164219141 2 4 127
4 1.01386850864074 164219142 2 4 127
5 0.754036132456582 164219142 2 4 127
6 0 164219142 2 4 127
4 0.988632204754227 164219143 2 4 127
5 0.597079915341829 164219143 2 4 127
6 1.59094865100087 164219143 2 4 127
1 1.03248299459853 164219231 1 4 127
2 0.862279083951729 164219231 1 4 127
3 0 164219231 1 4 127
1 0.98150504423935 164219232 1 4 127
2 1.10730311787514 164219232 1 4 127
3 0.748466257668712 164219232 1 4 127
1 1.03176499529769 164219233 1 4 127
2 1.63296205399283 164219233 1 4 127
3 0.374233128834356 164219233 1 4 127
4 1.02459393779251 164219241 2 4 127
5 1.4880372654344 164219241 2 4 127
6 0.795474325500435 164219241 2 4 127
4 1.03847390493009 164219242 2 4 127
5 0.738617492304721 164219242 2 4 127
6 0 164219242 2 4 127
4 1.01765395422372 164219243 2 4 127
5 0.858642834804238 164219243 2 4 127
6 2.78416013925152 164219243 2 4 127
1 1.00735301906936 165219431 1 4 127
2 0.735249270269093 165219431 1 4 127
3 0 165219431 1 4 127
1 1.00878901767102 165219432 1 4 127
2 1.27561319179216 165219432 1 4 127
3 0 165219432 1 4 127
1 1.00089102536185 165219433 1 4 127
2 1.26976663132978 165219433 1 4 127
3 0.748466257668712 165219433 1 4 127
4 0.99809581871167 165219441 2 4 127
5 0.986331333786417 165219441 2 4 127
6 0 165219441 2 4 127
4 0.984215851574087 165219442 2 4 127
5 1.30486012734283 165219442 2 4 127
6 0.397737162750218 165219442 2 4 127
1 1.07125495684353 165219531 1 4 127
2 1.25204978144378 165219531 1 4 127
3 0 165219531 1 4 127
4 1.04289025811023 165219541 2 4 127
5 1.24484745609307 165219541 2 4 127
6 0.397737162750218 165219541 2 4 127
4 1.03784299733293 165219542 2 4 127
5 1.55728265533797 165219542 2 4 127
6 0 165219542 2 4 127
4 1.05235387206768 165219543 2 4 127
5 1.06333220735918 165219543 2 4 127
6 1.19321148825065 165219543 2 4 127
1 1.04038098690769 166219631 1 4 127
2 1.24319135650078 166219631 1 4 127
3 1.12269938650307 166219631 1 4 127
1 0.99801902815852 166219731 1 4 127
2 1.47634510100057 166219731 1 4 127
3 0.748466257668712 166219731 1 4 127
1 1.02458500228936 167219931 1 4 128
2 0.620089746010078 167219931 1 4 128
3 0.374233128834356 167219931 1 4 128
1 1.00519902116685 167219932 1 4 128
2 0.879995933837731 167219932 1 4 128
3 0 167219932 1 4 128
1 1.00807101837019 167219933 1 4 128
2 0.608219456586457 167219933 1 4 128
3 1.49693251533742 167219933 1 4 128
4 1.00377398708614 167219941 2 4 128
5 1.02640133274395 167219941 2 4 128
6 0 167219941 2 4 128
4 1.02207030740386 167219942 2 4 128
5 1.19868386282402 167219942 2 4 128
6 3.57963446475196 167219942 2 4 128
4 0.994310373128693 167219943 2 4 128
5 1.86962552739632 167219943 2 4 128
6 0 167219943 2 4 128
1 1.02961099739519 167220031 1 4 128
2 0.590502606700455 167220031 1 4 128
3 0 167220031 1 4 128
1 0.986531039345185 167220032 1 4 128
2 0.850408794528107 167220032 1 4 128
3 0 167220032 1 4 128
1 1.00519902116685 167220033 1 4 128
2 0.844562234065727 167220033 1 4 128
3 0 167220033 1 4 128
4 1.01197578584925 167220041 2 4 128
5 1.34640736128497 167220041 2 4 128
6 0 167220041 2 4 128
4 1.02207030740386 167220042 2 4 128
5 1.18178798768755 167220042 2 4 128
6 0.397737162750218 167220042 2 4 128
4 1.02711756818116 167220043 2 4 128
5 1.49413085974591 167220043 2 4 128
6 1.19321148825065 167220043 2 4 128
1 1.03176499529769 167220131 1 4 128
2 1.34063403087379 167220131 1 4 128
3 0 167220131 1 4 128
1 1.02171300508602 167220132 1 4 128
2 1.11314967833752 167220132 1 4 128
3 2.61963190184049 167220132 1 4 128
1 1.02314900368769 167220133 1 4 128
2 0.546210481985449 167220133 1 4 128
3 0 167220133 1 4 128
4 1.03847390493009 167220141 2 4 128
5 2.18353796162583 167220141 2 4 128
6 0 167220141 2 4 128
4 0.972859514825155 167220142 2 4 128
5 0.995564052440226 167220142 2 4 128
6 0 167220142 2 4 128
1 1.00685041955877 1721931 1 1 21
2 1.22547450661477 1721931 1 1 21
3 0.748466257668712 1721931 1 1 21
1 1.01740500928102 1721932 1 1 21
2 0.897712783723733 1721932 1 1 21
3 0 1721932 1 1 21
1 1.00017302606102 1721933 1 1 21
2 0.891689054762493 1721933 1 1 21
3 0.748466257668712 1721933 1 1 21
4 0.94150340724616 1721941 2 1 21
5 0.646290305766631 1721941 2 1 21
6 0.397737162750218 1721941 2 1 21
4 0.988001297157064 1721942 2 1 21
5 1.04634400503618 1721942 2 1 21
6 1.19321148825065 1721942 2 1 21
4 0.974752237616644 1721943 2 1 21
5 0.472438213515407 1721943 2 1 21
6 0.397737162750218 1721943 2 1 21
1 0.994429031654353 1722031 1 1 21
2 0.87397220487649 1722031 1 1 21
3 0.748466257668712 1722031 1 1 21
1 0.999670426550437 1722032 1 1 21
2 1.19004080684277 1722032 1 1 21
3 0.374233128834356 1722032 1 1 21
1 1.03198039508794 1722033 1 1 21
2 1.18702894236215 1722033 1 1 21
3 3.3680981595092 1722033 1 1 21
4 0.984026579294938 1722041 2 1 21
5 0.777117929091105 1722041 2 1 21
6 0.795474325500435 1722041 2 1 21
4 0.990083292227702 1722043 2 1 21
5 1.0294481298997 1722043 2 1 21
6 0.397737162750218 1722043 2 1 21
1 0.995362430745436 1722131 1 1 21
2 1.16931209247615 1722131 1 1 21
3 0.374233128834356 1722131 1 1 21
1 1.00354762277494 1722132 1 1 21
2 0.841550369585106 1722132 1 1 21
3 0 1722132 1 1 21
1 1.03750898970436 1722133 1 1 21
2 0.487213371865062 1722133 1 1 21
3 0.374233128834356 1722133 1 1 21
4 1.02125012752755 1722141 2 1 21
5 1.36182600143683 1722141 2 1 21
6 0 1722141 2 1 21
4 1.03803226961208 1722142 2 1 21
5 1.20330022215093 1722142 2 1 21
6 0 1722142 2 1 21
4 1.0094521554606 1722143 2 1 21
5 0.760129726768096 1722143 2 1 21
6 0 1722143 2 1 21
1 0.985095040743518 1822231 1 1 21
2 0.466484657498439 1822231 1 1 21
3 0 1822231 1 1 21
1 0.987464438436268 1822232 1 1 21
2 1.12803183224176 1822232 1 1 21
3 1.87116564417178 1822232 1 1 21
1 0.950415674513261 1822233 1 1 21
2 1.11616154281814 1822233 1 1 21
3 0 1822233 1 1 21
4 0.964846988341187 1822242 2 1 21
5 0.861689631959995 1822242 2 1 21
6 1.59094865100087 1822242 2 1 21
4 0.952228836397929 1822243 2 1 21
5 0.593940790999534 1822243 2 1 21
6 1.19321148825065 1822243 2 1 21
1 1.02982639718544 1822331 1 1 21
2 1.09844469293214 1822331 1 1 21
3 0.374233128834356 1822331 1 1 21
1 0.990336435639602 1822332 1 1 21
2 0.770682970041097 1822332 1 1 21
3 0.374233128834356 1822332 1 1 21
1 1.03463699250103 1822333 1 1 21
2 0.767671105560477 1822333 1 1 21
3 0 1822333 1 1 21
4 1.00270144417096 1822342 2 1 21
5 0.410855980094501 1822342 2 1 21
6 1.19321148825065 1822342 2 1 21
4 1.00566670987762 1822343 2 1 21
5 0.409286417923353 1822343 2 1 21
6 0.795474325500435 1822343 2 1 21
1 1.02365160319827 1822431 1 1 21
2 1.03944758281175 1822431 1 1 21
3 0 1822431 1 1 21
1 1.02530300159019 1822432 1 1 21
2 1.03342385385051 1822432 1 1 21
3 0 1822432 1 1 21
1 1.03801158921494 1822433 1 1 21
2 1.5679412149112 1822433 1 1 21
3 0 1822433 1 1 21
4 1.06623383920526 1822441 2 1 21
5 1.15408983172613 1822441 2 1 21
6 0 1822441 2 1 21
4 1.0214393998067 1822442 2 1 21
5 0.966388661494189 1822442 2 1 21
6 0.795474325500435 1822442 2 1 21
4 1.05380495954115 1822443 2 1 21
5 0.824758757344759 1822443 2 1 21
6 1.19321148825065 1822443 2 1 21
1 0.990336435639602 1922631 1 1 31
2 1.01570700396451 1922631 1 1 31
3 1.12269938650307 1922631 1 1 31
1 0.99586503025602 1922632 1 1 31
2 1.01287230798275 1922632 1 1 31
3 0.748466257668712 1922632 1 1 31
1 1.00182442445294 1922633 1 1 31
2 1.00684857902151 1922633 1 1 31
3 0.748466257668712 1922633 1 1 31
4 0.970335884436504 1922641 2 1 31
5 0.535497681920923 1922641 2 1 31
6 0 1922641 2 1 31
4 0.98755966183905 1922642 2 1 31
5 2.03276766600913 1922642 2 1 31
6 0 1922642 2 1 31
4 1.01008306305776 1922643 2 1 31
5 1.11715895711089 1922643 2 1 31
6 0 1922643 2 1 31
1 1.00038842585127 1922731 1 1 31
2 0.673240295668085 1922731 1 1 31
3 1.49693251533742 1922731 1 1 31
1 1.00182442445294 1922732 1 1 31
2 0.989131729135505 1922732 1 1 31
3 3.3680981595092 1922732 1 1 31
1 1.02408240277877 1922733 1 1 31
2 1.75396813871422 1922733 1 1 31
3 0.374233128834356 1922733 1 1 31
4 1.0067392527928 1922741 2 1 31
5 1.52339857787849 1922741 2 1 31
6 1.19321148825065 1922741 2 1 31
4 1.0462340683752 1922742 2 1 31
5 1.52182901570734 1922742 2 1 31
6 0 1922742 2 1 31
4 1.02352139487733 1922743 2 1 31
5 1.25869653407378 1922743 2 1 31
6 1.19321148825065 1922743 2 1 31
