112142 1.5837 1 1
112241 1.5177 1 1
112242 1.5277 1 1
112243 1.5763 1 1
112341 1.5023 1 1
112342 1.5727 1 1
122641 1.5987 1 1
122642 1.6323 1 1
122643 1.6393 1 1
132741 1.5717 1 1
132742 1.557 1 1
132743 1.5247 1 1
132841 1.5597 1 1
132842 1.5627 1 1
132843 1.54 1 1
132941 1.575 1 11
132942 1.573 1 11
132943 1.5883 1 11
1421041 1.5747 1 11
1421042 1.5687 1 11
1421043 1.645 1 11
1421141 1.5657 1 11
1421142 1.577 1 11
1421143 1.593 1 11
1421241 1.586 1 11
1421242 1.5953 1 11
1421243 1.6007 1 11
1521441 1.504 1 11
1521442 1.5657 1 11
1521443 1.338 1 11
1521541 1.5673 1 11
1621641 1.6293 1 11
1621642 1.6253 1 11
1621643 1.6543 1 11
1621741 1.5737 1 21
1621743 1.5967 1 21
1621841 1.5867 1 21
1621842 1.6133 1 21
1621843 1.5933 1 21
1721941 1.4923 1 21
1721942 1.566 1 21
1721943 1.545 1 21
1722041 1.5597 1 21
1722043 1.5693 1 21
1722141 1.6187 1 21
1722142 1.6453 1 21
1722143 1.6 1 21
1822242 1.5293 1 21
1822243 1.5093 1 21
1822342 1.5893 1 21
1822343 1.594 1 21
1822441 1.69 1 21
1822442 1.619 1 21
1822443 1.6703 1 21
1922641 1.538 1 31
1922642 1.5653 1 31
1922643 1.601 1 31
1922741 1.5957 1 31
1922742 1.6583 1 31
1922743 1.6223 1 31
11022841 1.6443 1 31
11022842 1.6447 1 31
11022843 1.6403 1 31
11022941 1.5767 1 31
11022942 1.6413 1 31
11022943 1.687 1 31
11023041 1.669 1 31
11023042 1.604 1 31
11023043 1.644 1 31
11123141 1.6333 1 31
11123142 1.5557 1 31
11123143 1.5177 1 31
11123241 1.5467 1 31
11123242 1.469 1 31
11123243 1.3443 1 31
11123341 1.5967 1 41
11123342 1.5607 1 41
11123343 1.618 1 41
11223441 1.4733 1 41
11223442 1.5633 1 41
11223443 1.5713 1 41
11223543 1.5407 1 41
11223641 1.55 1 41
11223642 1.5077 1 41
11223643 1.576 1 41
11323741 1.6627 1 41
11323742 1.6383 1 41
11323743 1.6337 1 41
11323841 1.6583 1 41
11323843 1.5903 1 41
11323941 1.6503 1 41
11323942 1.5753 1 41
11323943 1.587 1 41
11424041 1.599 1 41
11424042 1.6553 1 41
11424043 1.5787 1 41
11424143 1.6093 1 51
11424241 1.573 1 51
11424242 1.529 1 51
11424243 1.617 1 51
11524341 1.5883 1 51
11524342 1.6647 1 51
11524441 1.6697 1 51
11524442 1.6707 1 51
11524443 1.6503 1 51
11524541 1.6817 1 51
11524542 1.6267 1 51
11624741 1.5787 1 51
11624742 1.5343 1 51
11624841 1.6313 1 51
11624842 1.617 1 51
11624843 1.6057 1 51
11925541 1.531 1 60
11925543 1.5827 1 60
11925641 1.5543 1 60
11925642 1.5367 1 60
11925643 1.556 1 60
11925741 1.4663 1 61
11925742 1.5307 1 61
11925743 1.4743 1 61
12025842 1.6177 1 61
12025843 1.486 1 61
12025941 1.6307 1 61
12025942 1.6187 1 61
12025943 1.5907 1 61
12026041 1.6057 1 61
12026042 1.555 1 61
12026043 1.5713 1 61
12126141 1.561 1 61
12126143 1.577 1 61
12126241 1.5693 1 61
12126243 1.5677 1 61
12126341 1.5227 1 61
12126342 1.595 1 61
12126343 1.6143 1 61
12226441 1.6097 1 61
12226442 1.552 1 61
12226443 1.6083 1 61
12226542 1.635 1 62
12226543 1.6083 1 62
12226641 1.61 1 62
12226642 1.5797 1 62
12226643 1.588 1 62
12326741 1.6067 1 62
12326742 1.5983 1 62
12326841 1.5105 1 62
12326842 1.6223 1 62
12326941 1.5623 1 62
12326942 1.6183 1 62
12326943 1.6233 1 62
12427041 1.5077 1 62
12427042 1.5537 1 62
12427141 1.5483 1 62
12427142 1.5317 1 62
12427143 1.523 1 62
12427241 1.5793 1 62
12427242 1.5463 1 62
12427243 1.5993 1 62
12527341 1.53 1 1
12527342 1.544 1 1
12527343 1.5467 1 1
12527441 1.598 1 1
12527442 1.6043 1 1
12527443 1.559 1 1
12527541 1.6143 1 1
12527542 1.5997 1 1
12627641 1.569 1 1
12627643 1.6367 1 1
12627741 1.597 1 1
12627743 1.602 1 1
12627842 1.592 1 1
12928541 1.709 1 2
12928542 1.725 1 2
12928741 1.675 1 2
12928742 1.6293 1 2
12928743 1.6283 1 2
13028841 1.608 1 2
13029041 1.525 1 3
13029042 1.535 1 3
13129141 1.4463 2 63
13129142 1.469 2 63
13129143 1.52 2 63
13129241 1.6197 2 63
13129341 1.586 2 63
13129342 1.5783 2 63
13129343 1.5863 2 63
13229441 1.4987 2 63
13229442 1.5707 2 63
13229443 1.5667 2 63
13229542 1.583 2 63
13229543 1.6903 2 63
13229641 1.6077 2 63
13229643 1.5843 2 63
13329743 1.512 2 63
13329841 1.5063 2 63
13329843 1.453 2 63
13329941 1.6467 2 73
13329943 1.6507 2 73
134210041 1.654 2 73
134210042 1.5347 2 73
134210043 1.535 2 73
134210141 1.563 2 73
134210142 1.6237 2 73
134210143 1.5827 2 73
134210241 1.5877 2 73
134210242 1.5897 2 73
134210243 1.562 2 73
135210341 1.7153 2 73
135210343 1.66 2 73
135210441 1.6237 2 73
135210442 1.5193 2 73
135210443 1.609 2 73
136210643 1.5863 2 73
136210741 1.6003 2 77
136210742 1.6753 2 77
136210743 1.5533 2 77
136210841 1.6703 2 77
136210842 1.617 2 77
136210843 1.6373 2 77
137210941 1.5563 2 77
137210942 1.5113 2 77
137210943 1.6067 2 77
137211041 1.501 2 77
137211042 1.538 2 77
137211141 1.569 2 77
137211143 1.6103 2 77
138211241 1.6627 2 77
138211341 1.687 2 77
138211342 1.6403 2 77
138211343 1.5713 2 77
138211441 1.589 2 77
138211442 1.572 2 77
138211443 1.5397 2 77
139211541 1.6 2 78
139211542 1.701 2 78
139211543 1.6623 2 78
139211641 1.559 2 78
139211642 1.654 2 78
139211741 1.634 2 78
139211743 1.5997 2 78
140211841 1.587 2 78
140211842 1.6593 2 78
140211843 1.6 2 78
140211941 1.6203 2 78
140211942 1.5157 2 78
140211943 1.599 2 78
140212041 1.6087 2 78
140212042 1.6197 2 78
140212043 1.622 2 78
141212141 1.6605 3 84
141212142 1.6455 3 84
141212241 1.557 3 84
141212242 1.54 3 84
141212243 1.583 3 84
141212341 1.596 3 84
141212343 1.5535 3 84
142212441 1.5185 3 84
142212442 1.5955 3 84
142212443 1.638 3 84
142212541 1.569 3 84
142212542 1.5815 3 84
142212543 1.58 3 84
142212641 1.5455 3 84
142212642 1.552 3 84
142212643 1.598 3 84
143212741 1.5375 3 84
143212742 1.587 3 84
143212743 1.4895 3 84
143212842 1.5655 3 84
143212843 1.464 3 84
143212941 1.5815 3 94
143212942 1.64 3 94
143212943 1.553 3 94
144213041 1.593 3 94
144213042 1.5545 3 94
144213043 1.5705 3 94
144213141 1.591 3 94
144213143 1.527 3 94
144213241 1.5785 3 94
144213242 1.601 3 94
144213243 1.603 3 94
145213341 1.5425 3 94
145213343 1.5445 3 94
145213441 1.598 3 94
145213442 1.6175 3 94
145213443 1.5645 3 94
146213641 1.604 3 94
146213642 1.6805 3 94
146213643 1.6495 3 94
146213741 1.6445 3 104
146213742 1.6155 3 104
146213743 1.673 3 104
146213841 1.614 3 104
146213842 1.52 3 104
146213843 1.482 3 104
147213941 1.5235 3 104
147213942 1.519 3 104
147213943 1.542 3 104
147214041 1.596 3 104
147214042 1.546 3 104
147214043 1.6295 3 104
148214241 1.573 3 104
148214242 1.5765 3 104
148214243 1.5235 3 104
148214341 1.5485 3 104
148214342 1.529 3 104
148214343 1.551 3 104
148214441 1.575 3 104
148214443 1.4335 3 104
149214541 1.614 3 109
149214542 1.6315 3 109
149214543 1.5685 3 109
149214641 1.6145 3 109
149214642 1.6035 3 109
149214643 1.583 3 109
149214741 1.5445 3 109
149214742 1.581 3 109
149214743 1.591 3 109
150214841 1.5785 3 109
150214842 1.5465 3 109
150214843 1.558 3 109
150214941 1.5365 3 109
150214942 1.5615 3 109
150214943 1.5475 3 109
150215041 1.5345 3 109
150215042 1.611 3 109
150215043 1.656 3 109
151215141 1.601 3 109
151215142 1.54 3 109
151215143 1.5225 3 109
151215241 1.5955 3 109
151215242 1.5615 3 109
151215243 1.6635 3 109
151215341 1.565 3 110
151215342 1.5755 3 110
151215343 1.586 3 110
152215441 1.607 3 110
152215442 1.525 3 110
152215443 1.4955 3 110
152215542 1.5565 3 110
152215543 1.5865 3 110
152215641 1.5235 3 110
152215642 1.583 3 110
152215643 1.4995 3 110
153215741 1.55 3 110
153215742 1.6235 3 110
153215743 1.56 3 110
153215841 1.653 3 110
153215842 1.625 3 110
153215843 1.6415 3 110
153215941 1.6025 3 110
153215942 1.6355 3 110
153215943 1.5745 3 110
154216041 1.6455 3 110
154216042 1.581 3 110
154216043 1.508 3 110
154216141 1.5515 3 111
154216142 1.561 3 111
154216143 1.5215 3 111
154216241 1.5735 3 111
154216242 1.678 3 111
154216243 1.6195 3 111
155216341 1.59 3 111
155216342 1.605 3 111
155216343 1.647 3 111
155216541 1.6725 3 111
155216543 1.642 3 111
156216641 1.539 4 115
156216642 1.589 4 115
156216643 1.569 4 115
156216741 1.544 4 115
156216742 1.542 4 115
156216743 1.569 4 115
156216841 1.613 4 115
156216842 1.633 4 115
156216843 1.605 4 115
157216941 1.541 4 115
157216942 1.617 4 115
157216943 1.573 4 115
157217041 1.626 4 115
157217042 1.615 4 115
157217043 1.637 4 115
157217141 1.568 4 115
157217142 1.573 4 115
157217143 1.623 4 115
158217241 1.554 4 115
158217242 1.572 4 115
158217243 1.591 4 115
158217341 1.591 4 115
158217342 1.589 4 115
158217343 1.545 4 115
158217441 1.587 4 125
158217442 1.647 4 125
158217443 1.604 4 125
159217541 1.541 4 125
159217542 1.617 4 125
159217641 1.737 4 125
159217642 1.669 4 125
159217643 1.605 4 125
159217741 1.522 4 125
159217742 1.559 4 125
159217743 1.62 4 125
160217841 1.613 4 125
160217842 1.59 4 125
160217843 1.62 4 125
160217941 1.584 4 125
160217942 1.532 4 125
160217943 1.599 4 125
160218041 1.578 4 125
160218042 1.579 4 125
160218043 1.6 4 125
161218141 1.587 4 125
161218142 1.57 4 125
161218143 1.57 4 125
161218241 1.417 4 126
161218242 1.573 4 126
161218243 1.579 4 126
161218341 1.588 4 126
161218342 1.556 4 126
161218343 1.585 4 126
162218441 1.561 4 126
162218442 1.546 4 126
162218443 1.561 4 126
162218541 1.578 4 126
162218543 1.593 4 126
162218641 1.566 4 126
162218642 1.662 4 126
163218741 1.531 4 126
163218742 1.536 4 126
163218743 1.536 4 126
163218841 1.665 4 126
163218842 1.602 4 126
163218843 1.613 4 126
163218941 1.546 4 126
163218942 1.606 4 126
163218943 1.558 4 126
164219041 1.603 4 127
164219042 1.589 4 127
164219141 1.565 4 127
164219142 1.607 4 127
164219143 1.567 4 127
164219241 1.624 4 127
164219242 1.646 4 127
164219243 1.613 4 127
165219441 1.582 4 127
165219442 1.56 4 127
165219541 1.653 4 127
165219542 1.645 4 127
165219543 1.668 4 127
167219941 1.591 4 128
167219942 1.62 4 128
167219943 1.576 4 128
167220041 1.604 4 128
167220042 1.62 4 128
167220043 1.628 4 128
167220141 1.646 4 128
167220142 1.542 4 128
