1 1.00112309445555 11022831 1 1 17
2 1.14037086083781 11022831 1 1 17
3 1.95481763745237 11022831 1 1 17
1 0.975333212215304 11022832 1 1 17
2 0.73408424931449 11022832 1 1 17
3 1.11703864997278 11022832 1 1 17
1 1.00090012717393 11022833 1 1 17
2 1.13769688778481 11022833 1 1 17
3 2.23407729994556 11022833 1 1 17
4 0.904833637341745 11022841 2 1 17
5 0.799036077696318 11022841 2 1 17
6 3.58951406649616 11022841 2 1 17
4 0.953802772453881 11022842 2 1 17
5 1.23920441857689 11022842 2 1 17
6 1.5383631713555 11022842 2 1 17
1 0.974367020661635 11022931 1 1 18
2 0.710490369435087 11022931 1 1 18
3 2.23407729994556 11022931 1 1 18
1 0.979569590566007 11022932 1 1 18
2 1.01721080786732 11022932 1 1 18
3 0 11022932 1 1 18
1 0.972137347845475 11022933 1 1 18
2 0.60038559666454 11022933 1 1 18
3 0.279259662493195 11022933 1 1 18
4 0.957926489094903 11022941 2 1 18
5 0.622159552233209 11022941 2 1 18
6 0.512787723785166 11022941 2 1 18
4 0.9813156944182 11022942 2 1 18
5 1.17561436863698 11022942 2 1 18
6 0 11022942 2 1 18
1 0.967455034931541 11023031 1 1 18
2 0.584656343411605 11023031 1 1 18
3 0 11023031 1 1 18
1 0.98997473037475 11023032 1 1 18
2 0.99880758156139 11023032 1 1 18
3 2.23407729994556 11023032 1 1 18
1 0.999636645911441 11023033 1 1 18
2 0.996133608508392 11023033 1 1 18
3 2.23407729994556 11023033 1 1 18
4 0.97635434783447 11023043 2 1 18
5 0.735369689161043 11023043 2 1 18
6 0.512787723785166 11023043 2 1 18
1 0.976076436487357 11123131 1 1 18
2 0.972539728628989 11123131 1 1 18
3 0.558519324986391 11123131 1 1 18
1 0.955786413860307 11123132 1 1 18
2 1.22169110015548 11123132 1 1 18
3 2.23407729994556 11123132 1 1 18
1 0.999636645911441 11123133 1 1 18
2 1.21901712710248 11123133 1 1 18
3 1.95481763745237 11123133 1 1 18
4 0.952127512568466 11123141 2 1 18
5 1.27737371625991 11123141 2 1 18
6 0 11123141 2 1 18
4 0.925258921329307 11123143 2 1 18
5 0.478413977158959 11123143 2 1 18
6 0 11123143 2 1 18
1 1.00877830445769 11123231 1 1 18
2 0.5347946105998 11123231 1 1 18
3 0 11123231 1 1 18
1 0.991238211637241 11123232 1 1 18
2 0.639708729796878 11123232 1 1 18
3 1.11703864997278 11123232 1 1 18
1 1.04593951806035 11123233 1 1 18
2 1.19809722027608 11123233 1 1 18
3 2.23407729994556 11123233 1 1 18
4 0.974034757223895 11123241 2 1 18
5 0.715063622793677 11123241 2 1 18
6 1.02557544757033 11123241 2 1 18
4 0.966496087739527 11123242 2 1 18
5 0.727735829624439 11123242 2 1 18
6 0.512787723785166 11123242 2 1 18
4 0.969911040582873 11123243 2 1 18
5 0.922399247807835 11123243 2 1 18
6 0.512787723785166 11123243 2 1 18
1 0.938469288321469 11123331 1 1 18
2 0.828459768832101 11123331 1 1 18
3 0 11123331 1 1 18
1 0.936982839777363 11123332 1 1 18
2 1.07477987477307 11123332 1 1 18
3 0 11123332 1 1 18
1 0.951550035509604 11123333 1 1 18
2 0.825785795779102 11123333 1 1 18
3 0 11123333 1 1 18
4 0.957282158369744 11123341 2 1 18
5 1.31302384029585 11123341 2 1 18
6 2.05115089514066 11123341 2 1 18
4 0.91449859821914 11123343 2 1 18
5 0.405892311561223 11123343 2 1 18
6 1.02557544757033 11123343 2 1 18
1 1.0578311064132 112131 1 1 14
2 0.962158421482051 112131 1 1 14
3 1.95481763745237 112131 1 1 14
1 1.0578311064132 112132 1 1 14
2 1.15342614103774 112132 1 1 14
3 0 112132 1 1 14
1 1.02044692552893 112133 1 1 14
2 0.956810475376053 112133 1 1 14
3 2.23407729994556 112133 1 1 14
4 1.02944719958763 112141 2 1 14
5 0.98858480999019 112141 2 1 14
6 2.56393861892583 112141 2 1 14
1 0.974887277652072 112231 1 1 14
2 0.713007049955557 112231 1 1 14
3 0.558519324986391 112231 1 1 14
1 0.967455034931541 112232 1 1 14
2 0.938564541602648 112232 1 1 14
3 0 112232 1 1 14
1 0.93274646142666 112233 1 1 14
2 0.705142423329089 112233 1 1 14
3 1.39629831246598 112233 1 1 14
1 0.975333212215304 11223531 1 1 18
2 0.810056542526167 11223531 1 1 18
3 0 11223531 1 1 18
1 0.940401671428807 11223532 1 1 18
2 0.393231331323382 11223532 1 1 18
3 0 11223532 1 1 18
1 0.932969428708276 11223533 1 1 18
2 1.05653394099966 11223533 1 1 18
3 0 11223533 1 1 18
4 0.893493416578935 11223543 2 1 18
5 1.07125950877161 11223543 2 1 18
6 0 11223543 2 1 18
1 0.945381274051563 11223631 1 1 18
2 4.25476300491899 11223631 1 1 18
3 1.39629831246598 11223631 1 1 18
1 0.93400994268915 11223633 1 1 18
2 1.03545674164073 11223633 1 1 18
3 0 11223633 1 1 18
4 0.981766725925812 11223643 2 1 18
5 1.54837572980935 11223643 2 1 18
6 0.512787723785166 11223643 2 1 18
4 1.00496263203156 112242 2 1 14
5 0.667962709452831 112242 2 1 14
6 0 112242 2 1 14
1 1.01621054717823 112331 1 1 14
2 0.694761116182152 112331 1 1 14
3 2.23407729994556 112331 1 1 14
1 1.03211554660016 112332 1 1 14
2 0.692087143129153 112332 1 1 14
3 1.95481763745237 112332 1 1 14
1 0.991981435909294 112333 1 1 14
2 1.34752512617897 112333 1 1 14
3 1.11703864997278 112333 1 1 14
4 1.01436986061889 112343 2 1 14
5 0.968202405027458 112343 2 1 14
6 2.56393861892583 112343 2 1 14
1 0.99837316464895 11323731 1 1 19
2 0.736600929834959 11323731 1 1 19
3 2.51333696243876 11323731 1 1 19
1 1.00929856144813 11323732 1 1 19
2 0.736600929834959 11323732 1 1 19
3 0 11323732 1 1 19
1 0.949097395411829 11323733 1 1 19
2 1.24780166055536 11323733 1 1 19
3 1.67555797495917 11323733 1 1 19
4 0.918364582570099 11323741 2 1 19
5 0.216267240671985 11323741 2 1 19
6 1.5383631713555 11323741 2 1 19
4 1.02171523088571 11323742 2 1 19
5 1.04331958286764 11323742 2 1 19
6 2.56393861892583 11323742 2 1 19
4 0.94072285873314 11323743 2 1 19
5 0.693383461709722 11323743 2 1 19
6 0.512787723785166 11323743 2 1 19
1 0.963441623862454 11323832 1 1 19
2 0.697277796702621 11323832 1 1 19
3 0 11323832 1 1 19
1 0.965225362115381 11323833 1 1 19
2 1.20847852742302 11323833 1 1 19
3 0 11323833 1 1 19
4 1.01353223067618 11323842 2 1 19
5 1.02675410767321 11323842 2 1 19
6 0 11323842 2 1 19
1 1.01056204271062 11323931 1 1 19
2 0.618631530437945 11323931 1 1 19
3 0 11323931 1 1 19
1 1.0578311064132 11323932 1 1 19
2 1.29766339336716 11323932 1 1 19
3 0 11323932 1 1 19
1 0.992947627462963 11323933 1 1 19
2 0.613440876864476 11323933 1 1 19
3 0.279259662493195 11323933 1 1 19
4 1.00966624632523 11323942 2 1 19
5 1.10057352939217 11323942 2 1 19
6 0 11323942 2 1 19
1 0.978306109303516 11424131 1 1 19
2 1.10623838127894 11424131 1 1 19
3 0 11424131 1 1 19
1 0.959725502502188 11424132 1 1 19
2 0.844189022085037 11424132 1 1 19
3 0 11424132 1 1 19
1 1.00015690290188 11424133 1 1 19
2 0.592520970038072 11424133 1 1 19
3 2.23407729994556 11424133 1 1 19
4 0.96069711121309 11424143 2 1 19
5 1.09164191373434 11424143 2 1 19
6 0 11424143 2 1 19
1 0.999636645911441 11424231 1 1 19
2 1.52573756553472 11424231 1 1 19
3 0.279259662493195 11424231 1 1 19
1 0.945158306769947 11424232 1 1 19
2 1.52306359248172 11424232 1 1 19
3 0.558519324986391 11424232 1 1 19
1 0.958536343666903 11424233 1 1 19
2 0.828459768832101 11424233 1 1 19
3 1.39629831246598 11424233 1 1 19
1 0.983062744644656 11524331 1 1 19
2 1.50481765870832 11524331 1 1 19
3 0.279259662493195 11524331 1 1 19
1 0.992724660181347 11524332 1 1 19
2 0.810056542526167 11524332 1 1 19
3 0 11524332 1 1 19
1 0.998893421639388 11524333 1 1 19
2 1.0722631942526 11524333 1 1 19
3 0.558519324986391 11524333 1 1 19
4 1.00000128544783 11524341 2 1 19
5 0.734148271635186 11524341 2 1 19
6 0 11524341 2 1 19
4 0.932539858523612 11524343 2 1 19
5 0.734148271635186 11524343 2 1 19
6 0.512787723785166 11524343 2 1 19
1 0.949097395411829 11524431 1 1 19
2 0.799517942846701 11524431 1 1 19
3 0 11524431 1 1 19
1 0.988265314549028 11524432 1 1 19
2 0.550523863852735 11524432 1 1 19
3 0.279259662493195 11524432 1 1 19
1 0.919368424529704 11524433 1 1 19
2 0.797001262326231 11524433 1 1 19
3 0.279259662493195 11524433 1 1 19
1 0.94813120385816 11524531 1 1 20
2 1.45762989894951 11524531 1 1 20
3 0.558519324986391 11524531 1 1 20
1 0.933489685698713 11524532 1 1 20
2 1.19542324722308 11524532 1 1 20
3 2.79259662493195 11524532 1 1 20
1 0.942408376963351 11524533 1 1 20
2 1.01721080786732 11524533 1 1 20
3 1.11703864997278 11524533 1 1 20
4 0.982797655086067 11524542 2 1 20
5 1.15401054614839 11524542 2 1 20
6 0 11524542 2 1 20
4 0.96037494585051 11624742 2 1 20
5 1.13996424460104 11624742 2 1 20
6 0 11624742 2 1 20
1 0.756082051959635 11624831 1 1 20
2 2.1155845625198 11624831 1 1 20
3 0 11624831 1 1 20
1 0.945158306769947 11624832 1 1 20
2 1.41044213919071 11624832 1 1 20
3 0.558519324986391 11624832 1 1 20
1 0.926280410259798 11624833 1 1 20
2 2.1129105894668 11624833 1 1 20
3 2.79259662493195 11624833 1 1 20
1 1.04475035922506 11724931 1 1 20
2 0.642225410317348 11724931 1 1 20
3 2.79259662493195 11724931 1 1 20
1 1.01948073397526 11724932 1 1 20
2 0.642225410317348 11724932 1 1 20
3 1.67555797495917 11724932 1 1 20
1 0.991684146200472 11724933 1 1 20
2 0.875647528590907 11724933 1 1 20
3 2.23407729994556 11724933 1 1 20
4 1.02880286886247 11724942 2 1 20
5 0.997516425648017 11724942 2 1 20
6 4.10230179028133 11724942 2 1 20
4 0.978545072300013 11724943 2 1 20
5 0.44276385312302 11724943 2 1 20
6 3.58951406649616 11724943 2 1 20
1 0.951847325218425 11725031 1 1 20
2 0.374828105017448 11725031 1 1 20
3 1.39629831246598 11725031 1 1 20
1 0.965968586387435 11725032 1 1 20
2 1.05385996794666 11725032 1 1 20
3 0 11725032 1 1 20
1 0.861619898591177 11725033 1 1 20
2 0.372311424496978 11725033 1 1 20
3 0.837778987479586 11725033 1 1 20
4 0.917977984135003 11725041 2 1 20
5 0.18573180252557 11725041 2 1 20
6 0 11725041 2 1 20
4 0.948905858942668 11725043 2 1 20
5 0.989882566111413 11725043 2 1 20
6 0 11725043 2 1 20
1 0.971914380563859 11725131 1 1 20
2 1.0433213682672 11725131 1 1 20
3 0 11725131 1 1 20
1 0.932969428708276 11725133 1 1 20
2 1.3107186735671 11725133 1 1 20
3 1.11703864997278 11725133 1 1 20
1 0.990494987365187 11825231 1 1 20
2 1.01972748838779 11825231 1 1 20
3 0.837778987479586 11825231 1 1 20
1 0.926057442978182 11825232 1 1 20
2 0.589846996985073 11825232 1 1 20
3 2.23407729994556 11825232 1 1 20
1 0.906510644623185 11825233 1 1 20
2 0.584656343411605 11825233 1 1 20
3 1.11703864997278 11825233 1 1 20
4 0.875001124766852 11825241 2 1 20
5 1.62853125494369 11825241 2 1 20
6 1.02557544757033 11825241 2 1 20
4 0.955091433904201 11825242 2 1 20
5 1.44150169629689 11825242 2 1 20
6 0 11825242 2 1 20
4 0.919266645585322 11825243 2 1 20
5 1.43898252264981 11825243 2 1 20
6 0 11825243 2 1 20
1 0.964482137843328 11825331 1 1 21
2 1.26620488686129 11825331 1 1 21
3 1.95481763745237 11825331 1 1 21
1 1.0145011313525 11825332 1 1 21
2 0.812730515579166 11825332 1 1 21
3 0.279259662493195 11825332 1 1 21
1 0.908963284720961 11825333 1 1 21
2 1.25834026023482 11825333 1 1 21
3 2.51333696243876 11825333 1 1 21
4 0.963467733331277 11825341 2 1 21
5 0.954232442075473 11825341 2 1 21
6 0.512787723785166 11825341 2 1 21
4 0.959215150545223 11825342 2 1 21
5 1.53952045274689 11825342 2 1 21
6 1.02557544757033 11825342 2 1 21
1 0.964705105124944 11825431 1 1 21
2 1.46549452557598 11825431 1 1 21
3 0 11825431 1 1 21
1 0.957272862404413 11825432 1 1 21
2 0.959484448429052 11825432 1 1 21
3 1.95481763745237 11825432 1 1 21
1 0.952293259781657 11825433 1 1 21
2 1.23742035340842 11825433 1 1 21
3 0 11825433 1 1 21
1 0.973103539399144 11925531 1 1 21
2 1.22688175372895 11925531 1 1 21
3 0.837778987479586 11925531 1 1 21
1 1.01821725271277 11925532 1 1 21
2 0.951619821802585 11925532 1 1 21
3 0 11925532 1 1 21
1 1.01621054717823 11925533 1 1 21
2 1.43922667264358 11925533 1 1 21
3 2.79259662493195 11925533 1 1 21
4 1.0043183013064 11925543 2 1 21
5 1.40081322496679 11925543 2 1 21
6 0.512787723785166 11925543 2 1 21
1 0.957495829686029 11925632 1 1 21
2 0.757678129193893 11925632 1 1 21
3 2.23407729994556 11925632 1 1 21
1 1.00483921581581 11925633 1 1 21
2 1.42349741939064 11925633 1 1 21
3 0 11925633 1 1 21
1 1.04370984524419 11925731 1 1 21
2 0.741948875940957 11925731 1 1 21
3 1.67555797495917 11925731 1 1 21
1 0.977562885031463 11925732 1 1 21
2 1.18755862059661 11925732 1 1 21
3 0.837778987479586 11925732 1 1 21
1 0.996663748823228 11925733 1 1 21
2 0.731410276261491 11925733 1 1 21
3 0.279259662493195 11925733 1 1 21
4 0.945039874591709 11925741 2 1 21
5 0.688345114415563 11925741 2 1 21
6 4.10230179028133 11925741 2 1 21
1 0.954076998034585 12025831 1 1 21
2 0.723545649635023 12025831 1 1 21
3 1.11703864997278 12025831 1 1 21
1 0.952813516772094 12025832 1 1 21
2 0.773407382446828 12025832 1 1 21
3 0 12025832 1 1 21
1 0.927320924240672 12025833 1 1 21
2 0.739274902887958 12025833 1 1 21
3 0.279259662493195 12025833 1 1 21
4 0.971199702033193 12025843 2 1 21
5 0.353676712330853 12025843 2 1 21
6 0.512787723785166 12025843 2 1 21
4 1.0539317671437 12025941 2 1 21
5 1.13744507095396 12025941 2 1 21
6 4.6150895140665 12025941 2 1 21
1 0.969907675029316 12026031 1 1 21
2 0.880838182164376 12026031 1 1 21
3 0.837778987479586 12026031 1 1 21
1 1.02171040679142 12026032 1 1 21
2 0.723545649635023 12026032 1 1 21
3 0.837778987479586 12026032 1 1 21
1 0.971394123573422 12026033 1 1 21
2 0.715681023008555 12026033 1 1 21
3 1.39629831246598 12026033 1 1 21
4 0.839562934883069 12026041 2 1 21
5 0.67048188309991 12026041 2 1 21
6 3.076726342711 12026041 2 1 21
4 1.0212641993781 12026042 2 1 21
5 0.667962709452831 12026042 2 1 21
6 1.02557544757033 12026042 2 1 21
1 0.983062744644656 12126131 1 1 22
2 1.11410300790541 12126131 1 1 22
3 0 12126131 1 1 22
1 0.994211108725453 12126132 1 1 22
2 1.33179587292603 12126132 1 1 22
3 0 12126132 1 1 22
1 0.991684146200472 12126133 1 1 22
2 1.10891235433194 12126133 1 1 22
3 0.279259662493195 12126133 1 1 22
4 0.931702228580904 12126142 2 1 22
5 1.11584124846538 12126142 2 1 22
6 0 12126142 2 1 22
4 0.962179071880957 12126143 2 1 22
5 1.83464546243199 12126143 2 1 22
6 1.02557544757033 12126143 2 1 22
1 1.00706888863197 12126231 1 1 22
2 0.804865888952699 12126231 1 1 22
3 0 12126231 1 1 22
1 1.04623680776917 12126232 1 1 22
2 0.63184410317041 12126232 1 1 22
3 0.279259662493195 12126232 1 1 22
1 0.985292417460816 12126233 1 1 22
2 1.08264450139954 12126233 1 1 22
3 0 12126233 1 1 22
4 1.00277190756602 12126241 2 1 22
5 0.975836264564062 12126241 2 1 22
6 0 12126241 2 1 22
4 1.02145749859565 12126242 2 1 22
5 0.872779160819911 12126242 2 1 22
6 2.05115089514066 12126242 2 1 22
4 1.0010966476806 12126243 2 1 22
5 0.868962231051609 12126243 2 1 22
6 0 12126243 2 1 22
1 0.982022230663782 12126331 1 1 22
2 0.610766903811477 12126331 1 1 22
3 0 12126331 1 1 22
1 1.03137232232811 12126332 1 1 22
2 1.06172459457313 12126332 1 1 22
3 1.11703864997278 12126332 1 1 22
1 1.01992666853849 12126333 1 1 22
2 1.75900239127575 12126333 1 1 22
3 0 12126333 1 1 22
4 1.03286215243097 12126341 2 1 22
5 0.964385475259156 12126341 2 1 22
6 0 12126341 2 1 22
4 1.04684412916694 12126342 2 1 22
5 0.736667445282265 12126342 2 1 22
6 0 12126342 2 1 22
4 1.04574876693417 12126343 2 1 22
5 0.624678725880288 12126343 2 1 22
6 0 12126343 2 1 22
1 0.981279006391729 12226431 1 1 22
2 1.05385996794666 12226431 1 1 22
3 2.79259662493195 12226431 1 1 22
1 0.963961880852891 12226432 1 1 22
2 1.0486693143732 12226432 1 1 22
3 2.51333696243876 12226432 1 1 22
1 0.964184848134507 12226433 1 1 22
2 1.74594711107582 12226433 1 1 22
3 0 12226433 1 1 22
1 0.947387979586107 12226531 1 1 22
2 1.46801120609645 12226531 1 1 22
3 2.23407729994556 12226531 1 1 22
1 1.05292582621765 12226532 1 1 22
2 1.02240146144079 12226532 1 1 22
3 0 12226532 1 1 22
1 0.977860174740284 12226533 1 1 22
2 1.01721080786732 12226533 1 1 22
3 0 12226533 1 1 22
4 0.978931670735109 12226541 2 1 22
5 1.42882948946613 12226541 2 1 22
6 0.512787723785166 12226541 2 1 22
4 0.987565702452249 12226542 2 1 22
5 1.07507643853991 12226542 2 1 22
6 0 12226542 2 1 22
1 0.995697557269559 12226631 1 1 22
2 0.726219622688022 12226631 1 1 22
3 2.23407729994556 12226631 1 1 22
1 0.996663748823228 12226632 1 1 22
2 0.545333210279266 12226632 1 1 22
3 1.11703864997278 12226632 1 1 22
1 1.02958858407518 12226633 1 1 22
2 0.938564541602648 12226633 1 1 22
3 1.11703864997278 12226633 1 1 22
4 1.03073586103795 12226641 2 1 22
5 1.19340126135727 12226641 2 1 22
6 4.10230179028133 12226641 2 1 22
4 0.973583725716284 12226642 2 1 22
5 0.83079293336859 12226642 2 1 22
6 0.512787723785166 12226642 2 1 22
1 0.999859613193056 122431 1 1 14
2 0.681548543449686 122431 1 1 14
3 1.95481763745237 122431 1 1 14
1 0.993913819016632 122432 1 1 14
2 0.904432062043779 122432 1 1 14
3 0.558519324986391 122432 1 1 14
1 0.959502535220572 122433 1 1 14
2 0.90175808899078 122433 1 1 14
3 2.51333696243876 122433 1 1 14
1 1.00260954299965 122531 1 1 15
2 0.888702808790844 122531 1 1 15
3 2.79259662493195 122531 1 1 15
1 1.01524435562456 122532 1 1 15
2 1.0722631942526 122532 1 1 15
3 0.558519324986391 122532 1 1 15
1 0.967157745222719 122533 1 1 15
2 1.30552801999363 122533 1 1 15
3 0 122533 1 1 15
4 0.976161048616922 122542 2 1 15
5 0.749415990708394 122542 2 1 15
6 0.512787723785166 122542 2 1 15
4 0.978545072300013 122543 2 1 15
5 0.320622100537359 122543 2 1 15
6 0 122543 2 1 15
1 0.961211951046295 122631 1 1 15
2 0.377502078070447 122631 1 1 15
3 2.79259662493195 122631 1 1 15
1 1.04125720514642 122632 1 1 15
2 0.372311424496978 122632 1 1 15
3 2.79259662493195 122632 1 1 15
1 0.915132046179001 122633 1 1 15
2 0.613440876864476 122633 1 1 15
3 1.67555797495917 122633 1 1 15
4 0.974228056441443 122641 2 1 15
5 0.311690484879533 122641 2 1 15
6 0 122641 2 1 15
4 0.952320811786014 122642 2 1 15
5 0.421160030634431 122642 2 1 15
6 4.6150895140665 122642 2 1 15
4 1.03028482953034 122643 2 1 15
5 1.19217984383141 122643 2 1 15
6 0 122643 2 1 15
1 0.960468726774241 12326731 1 1 22
2 1.3605804063789 12326731 1 1 22
3 0 12326731 1 1 22
1 0.935199101524436 12326732 1 1 22
2 1.35538975280543 12326732 1 1 22
3 0 12326732 1 1 22
1 0.895362280542389 12326733 1 1 22
2 1.12983226115834 12326733 1 1 22
3 0 12326733 1 1 22
4 0.963274434113729 12326741 2 1 22
5 0.664145779684529 12326741 2 1 22
6 0 12326741 2 1 22
4 1.01565852206921 12326742 2 1 22
5 1.37279696046746 12326742 2 1 22
6 0.512787723785166 12326742 2 1 22
4 0.972746095773576 12326743 2 1 22
5 1.37027778682038 12326743 2 1 22
6 0 12326743 2 1 22
1 0.970650899301369 12326831 1 1 22
2 1.11410300790541 12326831 1 1 22
3 0.279259662493195 12326831 1 1 22
1 1.00060283746511 12326832 1 1 22
2 0.419499184255784 12326832 1 1 22
3 0 12326832 1 1 22
1 1.02066989281054 12326833 1 1 22
2 0.43255446445572 12326833 1 1 22
3 0 12326833 1 1 22
4 1.02210182932081 12326841 2 1 22
5 0.653992746500846 12326841 2 1 22
6 1.02557544757033 12326841 2 1 22
4 1.05689568847943 12326842 2 1 22
5 0.778653672733586 12326842 2 1 22
6 0 12326842 2 1 22
4 0.957282158369744 12326843 2 1 22
5 0.777355916612363 12326843 2 1 22
6 0 12326843 2 1 22
1 1.02171040679142 12326931 1 1 23
2 1.57559929834653 12326931 1 1 23
3 2.79259662493195 12326931 1 1 23
1 1.01650783688705 12326932 1 1 23
2 1.57292532529353 12326932 1 1 23
3 1.67555797495917 12326932 1 1 23
1 0.999413678629825 12326933 1 1 23
2 1.57025135224053 12326933 1 1 23
3 0.558519324986391 12326933 1 1 23
4 0.999356954722671 12326941 2 1 23
5 1.12599428164906 12326941 2 1 23
6 0 12326941 2 1 23
4 1.02255286082842 12326942 2 1 23
5 1.22523445562491 12326942 2 1 23
6 1.02557544757033 12326942 2 1 23
4 1.00837758487491 12326943 2 1 23
5 1.22271528197783 12326943 2 1 23
6 0.512787723785166 12326943 2 1 23
1 1.01546732290617 12427031 1 1 23
2 1.74862108412882 12427031 1 1 23
3 0 12427031 1 1 23
1 1.00729185591359 12427032 1 1 23
2 1.54933144541413 12427032 1 1 23
3 0.279259662493195 12427032 1 1 23
1 1.04868944786695 12427033 1 1 23
2 1.54414079184066 12427033 1 1 23
3 0 12427033 1 1 23
4 0.956831126862132 12427041 2 1 23
5 0.759569023892077 12427041 2 1 23
6 0.512787723785166 12427041 2 1 23
4 1.00451160052395 12427042 2 1 23
5 1.71632063961463 12427042 2 1 23
6 0 12427042 2 1 23
4 1.03737246750709 12427043 2 1 23
5 0.849877582210099 12427043 2 1 23
6 0 12427043 2 1 23
1 0.955563446578691 12427131 1 1 23
2 0.825785795779102 12427131 1 1 23
3 0 12427131 1 1 23
1 0.937949031331032 12427132 1 1 23
2 0.823111822726103 12427132 1 1 23
3 0 12427132 1 1 23
1 0.970873866582985 12427133 1 1 23
2 0.817921169152635 12427133 1 1 23
3 0 12427133 1 1 23
4 0.976612080124534 12427143 2 1 23
5 1.09797801714972 12427143 2 1 23
6 1.02557544757033 12427143 2 1 23
1 1.00134606173716 12527331 1 1 23
2 1.24528498003489 12527331 1 1 23
3 0.279259662493195 12527331 1 1 23
1 0.994211108725453 12527332 1 1 23
2 1.23993703392889 12527332 1 1 23
3 0.837778987479586 12527332 1 1 23
1 0.998893421639388 12527333 1 1 23
2 1.23742035340842 12527333 1 1 23
3 2.51333696243876 12527333 1 1 23
4 1.00367397058124 12527343 2 1 23
5 1.09034415761312 12527343 2 1 23
6 0 12527343 2 1 23
1 0.974144053380019 12527431 1 1 23
2 0.783788689593765 12527431 1 1 23
3 0 12527431 1 1 23
1 1.00015690290188 12527432 1 1 23
2 1.21901712710248 12527432 1 1 23
3 1.11703864997278 12527432 1 1 23
1 0.971171156291806 12527433 1 1 23
2 0.775924062967298 12527433 1 1 23
3 0 12527433 1 1 23
4 1.00322293907363 12527442 2 1 23
5 0.951713268428394 12527442 2 1 23
6 0.512787723785166 12527442 2 1 23
4 1.03563277454916 12527443 2 1 23
5 0.949117756185949 12527443 2 1 23
6 0.512787723785166 12527443 2 1 23
1 1.04222339670008 12527531 1 1 23
2 1.20061390079655 12527531 1 1 23
3 2.51333696243876 12527531 1 1 23
1 1.00781211290402 12527532 1 1 23
2 1.19542324722308 12527532 1 1 23
3 0.558519324986391 12527532 1 1 23
1 1.00729185591359 12527533 1 1 23
2 1.19274927417008 12527533 1 1 23
3 0 12527533 1 1 23
4 1.05650909004434 12527541 2 1 23
5 1.29523694757556 12527541 2 1 23
6 3.076726342711 12527541 2 1 23
4 1.0539317671437 12527542 2 1 23
5 1.29264143533312 12527542 2 1 23
6 1.5383631713555 12527542 2 1 23
4 1.01243686844341 12527543 2 1 23
5 1.1730951949899 12527543 2 1 23
6 2.56393861892583 12527543 2 1 23
1 1.06110129321023 12627631 1 1 23
2 0.744465556461427 12627631 1 1 23
3 1.67555797495917 12627631 1 1 23
1 1.02713594397741 12627632 1 1 23
2 0.959484448429052 12627632 1 1 23
3 2.51333696243876 12627632 1 1 23
4 1.02300389233603 12627641 2 1 23
5 1.34867396433179 12627641 2 1 23
6 0 12627641 2 1 23
4 1.09020758697019 12627642 2 1 23
5 1.28248840214944 12627642 2 1 23
6 1.02557544757033 12627642 2 1 23
1 1.01546732290617 12627731 1 1 24
2 1.37363568657884 12627731 1 1 24
3 2.51333696243876 12627731 1 1 24
1 0.93148298016417 12627732 1 1 24
2 1.37111900605837 12627732 1 1 24
3 0 12627732 1 1 24
1 0.985292417460816 12627733 1 1 24
2 1.36577105995237 12627733 1 1 24
3 0.837778987479586 12627733 1 1 24
4 1.00921521481761 12627741 2 1 24
5 1.12851345529614 12627741 2 1 24
6 2.56393861892583 12627741 2 1 24
4 0.846457273642278 12627743 2 1 24
5 0.667962709452831 12627743 2 1 24
6 1.02557544757033 12627743 2 1 24
1 1.06652683039622 12627831 1 1 24
2 1.35538975280543 12627831 1 1 24
3 0.558519324986391 12627831 1 1 24
1 1.02735891125902 12627832 1 1 24
2 1.35004180669944 12627832 1 1 24
3 1.67555797495917 12627832 1 1 24
1 0.979346623284391 12627833 1 1 24
2 1.34752512617897 12627833 1 1 24
3 0.558519324986391 12627833 1 1 24
4 1.02339049077113 12627841 2 1 24
5 1.61204211834462 12627841 2 1 24
6 2.56393861892583 12627841 2 1 24
4 1.05090341273545 12627843 2 1 24
5 1.34226152232104 12627843 2 1 24
6 0 12627843 2 1 24
1 0.947387979586107 12727931 1 1 24
2 1.33179587292603 12727931 1 1 24
3 0.279259662493195 12727931 1 1 24
1 1.01970370125687 12727932 1 1 24
2 1.32912189987303 12727932 1 1 24
3 0 12727932 1 1 24
1 0.941888119972914 12727933 1 1 24
2 1.32644792682003 12727933 1 1 24
3 0 12727933 1 1 24
4 0.983248686593679 12727941 2 1 24
5 1.46318185738085 12727941 2 1 24
6 0 12727941 2 1 24
4 0.928931606462717 12727942 2 1 24
5 1.59799581679727 12727942 2 1 24
6 1.02557544757033 12727942 2 1 24
4 0.917075921119779 12727943 2 1 24
5 1.59929357291849 12727943 2 1 24
6 0 12727943 2 1 24
1 0.9696847077477 12728031 1 1 24
2 1.05118599489367 12728031 1 1 24
3 0 12728031 1 1 24
1 0.977860174740284 12728032 1 1 24
2 1.0486693143732 12728032 1 1 24
3 0.279259662493195 12728032 1 1 24
1 0.977339917749847 12728033 1 1 24
2 1.30820199304663 12728033 1 1 24
3 0.837778987479586 12728033 1 1 24
4 0.912372306826113 12728043 2 1 24
5 0.994920913405571 12728043 2 1 24
6 0 12728043 2 1 24
1 0.899078401902654 12728131 1 1 24
2 1.29247273979369 12728131 1 1 24
3 0.279259662493195 12728131 1 1 24
1 0.926800667250235 12728132 1 1 24
2 1.28979876674069 12728132 1 1 24
3 0.279259662493195 12728132 1 1 24
1 0.997927230085718 12728133 1 1 24
2 0.794327289273232 12728133 1 1 24
3 1.39629831246598 12728133 1 1 24
4 0.963918764838888 12728141 2 1 24
5 1.44531862606519 12728141 2 1 24
6 3.58951406649616 12728141 2 1 24
4 1.00406056901634 12728143 2 1 24
5 1.96442107455425 12728143 2 1 24
6 0.512787723785166 12728143 2 1 24
1 0.95303648405371 12828231 1 1 24
2 1.00667220818786 12828231 1 1 24
3 2.51333696243876 12828231 1 1 24
1 0.957049895122797 12828232 1 1 24
2 1.26353091380829 12828232 1 1 24
3 2.51333696243876 12828232 1 1 24
1 0.985738352024047 12828233 1 1 24
2 0.996133608508392 12828233 1 1 24
3 1.67555797495917 12828233 1 1 24
4 1.04188278258321 12828241 2 1 24
5 1.58654502749236 12828241 2 1 24
6 0 12828241 2 1 24
4 0.953802772453881 12828243 2 1 24
5 0.618342622464907 12828243 2 1 24
6 2.56393861892583 12828243 2 1 24
1 1.03880456504864 12828331 1 1 24
2 0.977887674734987 12828331 1 1 24
3 1.95481763745237 12828331 1 1 24
1 1.02119014980098 12828332 1 1 24
2 1.23993703392889 12828332 1 1 24
3 1.95481763745237 12828332 1 1 24
1 0.963218656580838 12828333 1 1 24
2 1.41830676581717 12828333 1 1 24
3 2.51333696243876 12828333 1 1 24
4 1.01546522285166 12828341 2 1 24
5 1.42119562992953 12828341 2 1 24
6 4.10230179028133 12828341 2 1 24
4 1.02661214439693 12828342 2 1 24
5 0.108171789633676 12828342 2 1 24
6 1.02557544757033 12828342 2 1 24
4 0.995684269589261 12828343 2 1 24
5 1.79265923498067 12828343 2 1 24
6 0 12828343 2 1 24
1 0.978603399012338 12828431 1 1 24
2 0.954293794855584 12828431 1 1 24
3 2.23407729994556 12828431 1 1 24
1 0.900267560737939 12828432 1 1 24
2 0.948945848749586 12828432 1 1 24
3 1.39629831246598 12828432 1 1 24
1 0.979049333575569 12828433 1 1 24
2 1.21115250047602 12828433 1 1 24
3 1.67555797495917 12828433 1 1 24
4 0.977256410849694 12828441 2 1 24
5 0.951713268428394 12828441 2 1 24
6 4.6150895140665 12828441 2 1 24
4 0.935568212931862 12828442 2 1 24
5 1.68196827169991 12828442 2 1 24
6 0.512787723785166 12828442 2 1 24
1 0.962475432308785 12928531 1 1 25
2 1.13518020726434 12928531 1 1 25
3 1.67555797495917 12928531 1 1 25
1 0.964184848134507 12928532 1 1 25
2 1.3107186735671 12928532 1 1 25
3 0 12928532 1 1 25
1 0.995400267560738 12928533 1 1 25
2 0.849379675658505 12928533 1 1 25
3 1.39629831246598 12928533 1 1 25
4 1.01050387626793 12928541 2 1 25
5 1.01018863247878 12928541 2 1 25
6 0 12928541 2 1 25
4 0.987307970162185 12928542 2 1 25
5 1.23286831516151 12928542 2 1 25
6 0.512787723785166 12928542 2 1 25
4 1.01308119916857 12928543 2 1 25
5 0.641244201074718 12928543 2 1 25
6 1.02557544757033 12928543 2 1 25
1 1.01598757989661 12928631 1 1 25
2 1.11158632738494 12928631 1 1 25
3 0.837778987479586 12928631 1 1 25
1 0.965448329396997 12928632 1 1 25
2 1.10623838127894 12928632 1 1 25
3 2.23407729994556 12928632 1 1 25
1 1.00060283746511 12928633 1 1 25
2 1.10372170075847 12928633 1 1 25
3 1.95481763745237 12928633 1 1 25
4 1.04851938905235 12928642 2 1 25
5 0.759569023892077 12928642 2 1 25
6 0.512787723785166 12928642 2 1 25
1 1.03062909805606 12928731 1 1 25
2 1.08531847445253 12928731 1 1 25
3 0.837778987479586 12928731 1 1 25
1 0.978306109303516 12928732 1 1 25
2 1.08012782087907 12928732 1 1 25
3 1.11703864997278 12928732 1 1 25
1 1.03902753233026 12928733 1 1 25
2 0.799517942846701 12928733 1 1 25
3 1.11703864997278 12928733 1 1 25
4 0.986921371727089 12928741 2 1 25
5 1.10057352939217 12928741 2 1 25
6 0 12928741 2 1 25
4 1.0043183013064 12928742 2 1 25
5 1.33462766278444 12928742 2 1 25
6 1.5383631713555 12928742 2 1 25
4 0.949099158160216 12928743 2 1 25
5 0.980950950453586 12928743 2 1 25
6 2.56393861892583 12928743 2 1 25
1 0.91959139181132 13028831 1 1 25
2 0.547849890799736 13028831 1 1 25
3 0.837778987479586 13028831 1 1 25
1 0.94337456851702 13028832 1 1 25
2 1.22688175372895 13028832 1 1 25
3 0.558519324986391 13028832 1 1 25
1 0.888375972385089 13028833 1 1 25
2 0.76805943634083 13028833 1 1 25
3 2.23407729994556 13028833 1 1 25
4 0.967591449972299 13028841 2 1 25
5 1.19721819112557 13028841 2 1 25
6 0 13028841 2 1 25
4 0.974228056441443 13028843 2 1 25
5 0.604372659512922 13028843 2 1 25
6 1.5383631713555 13028843 2 1 25
1 0.952070292500041 13028931 1 1 25
2 0.755004156140894 13028931 1 1 25
3 1.67555797495917 13028931 1 1 25
1 0.992204403190909 13028932 1 1 25
2 0.749813502567425 13028932 1 1 25
3 1.67555797495917 13028932 1 1 25
1 1.04645977505079 13028933 1 1 25
2 0.296181838752771 13028933 1 1 25
3 1.11703864997278 13028933 1 1 25
4 0.921843968485961 13028941 2 1 25
5 0.50383472941585 13028941 2 1 25
6 0.512787723785166 13028941 2 1 25
4 0.970362072090485 13028942 2 1 25
5 0.368944431404061 13028942 2 1 25
6 3.076726342711 13028942 2 1 25
1 0.978603399012338 13029031 1 1 25
2 1.00934618124086 13029031 1 1 25
3 0 13029031 1 1 25
1 1.01598757989661 13029032 1 1 25
2 0.728736303208492 13029032 1 1 25
3 0.837778987479586 13029032 1 1 25
1 1.06674979767784 13029033 1 1 25
2 0.99880758156139 13029033 1 1 25
3 1.95481763745237 13029033 1 1 25
4 1.00792655336729 13029041 2 1 25
5 0.841022305147639 13029041 2 1 25
6 2.56393861892583 13029041 2 1 25
4 0.993106946688622 13029042 2 1 25
5 0.945300826417647 13029042 2 1 25
6 2.05115089514066 13029042 2 1 25
4 0.981122395200652 13029043 2 1 25
5 0.580173324781888 13029043 2 1 25
6 0.512787723785166 13029043 2 1 25
1 1.01427816407089 13129131 1 2 82
2 1.20847852742302 13129131 1 2 82
3 1.67555797495917 13129131 1 2 82
1 0.942631344244967 13129132 1 2 82
2 0.943755195176117 13129132 1 2 82
3 0.837778987479586 13129132 1 2 82
1 0.985515384742431 13129133 1 2 82
2 0.720871676582024 13129133 1 2 82
3 0.837778987479586 13129133 1 2 82
4 0.96501412707166 13129141 2 2 82
5 0.715063622793677 13129141 2 2 82
6 1.02557544757033 13129141 2 2 82
4 0.966689386957075 13129142 2 2 82
5 0.357493642099155 13129142 2 2 82
6 3.58951406649616 13129142 2 2 82
4 1.00580026197427 13129143 2 2 82
5 1.51913804778415 13129143 2 2 82
6 0 13129143 2 2 82
1 1.01056204271062 13129231 1 2 82
2 1.18236796702315 13129231 1 2 82
3 0 13129231 1 2 82
1 1.01427816407089 13129232 1 2 82
2 0.917487342243715 13129232 1 2 82
3 0.558519324986391 13129232 1 2 82
1 1.03360199514427 13129233 1 2 82
2 0.697277796702621 13129233 1 2 82
3 2.23407729994556 13129233 1 2 82
4 1.00193427762331 13129241 2 2 82
5 0.347340608915472 13129241 2 2 82
6 2.05115089514066 13129241 2 2 82
4 0.982411056650971 13129242 2 2 82
5 0.577654151134808 13129242 2 2 82
6 4.6150895140665 13129242 2 2 82
1 0.994954332997506 13129331 1 2 82
2 0.437745118029189 13129331 1 2 82
3 1.95481763745237 13129331 1 2 82
1 1.03456818669794 13129332 1 2 82
2 0.435228437508719 13129332 1 2 82
3 0.279259662493195 13129332 1 2 82
1 1.01873750970321 13129333 1 2 82
2 0.429880491402721 13129333 1 2 82
3 1.67555797495917 13129333 1 2 82
4 1.02964049880518 13129341 2 2 82
5 1.13874282707519 13129341 2 2 82
6 1.02557544757033 13129341 2 2 82
4 1.06295239729593 13129342 2 2 82
5 0.687047358294341 13129342 2 2 82
6 0 13129342 2 2 82
4 1.0378234990147 13129343 2 2 82
5 1.82701160289538 13129343 2 2 82
6 0 13129343 2 2 82
1 1.02096718251936 13229432 1 2 82
2 0.408960584576317 13229432 1 2 82
3 0.279259662493195 13229432 1 2 82
1 1.0340479297075 13229433 1 2 82
2 0.403769931002849 13229433 1 2 82
3 2.23407729994556 13229433 1 2 82
4 0.991431686803207 13229441 2 2 82
5 0.675596568989435 13229441 2 2 82
6 0 13229441 2 2 82
4 1.03009153031279 13229442 2 2 82
5 1.12217735188076 13229442 2 2 82
6 0.512787723785166 13229442 2 2 82
4 1.02364822306119 13229443 2 2 82
5 0.977134020685285 13229443 2 2 82
6 0 13229443 2 2 82
1 0.965225362115381 13229531 1 2 83
2 1.0669152481466 13229531 1 2 83
3 1.11703864997278 13229531 1 2 83
1 0.963441623862454 13229532 1 2 83
2 0.587173023932074 13229532 1 2 83
3 0.837778987479586 13229532 1 2 83
1 0.969907675029316 13229533 1 2 83
2 0.581982370358606 13229533 1 2 83
3 0.279259662493195 13229533 1 2 83
4 0.965658457796819 13229542 2 2 83
5 0.52040020461028 13229542 2 2 83
6 0.512787723785166 13229542 2 2 83
4 0.972746095773576 13229543 2 2 83
5 0.287567488743865 13229543 2 2 83
6 0 13229543 2 2 83
1 0.997184005813665 13229631 1 2 83
2 0.561062463532202 13229631 1 2 83
3 0 13229631 1 2 83
1 0.968644193766826 13229632 1 2 83
2 0.309394411485237 13229632 1 2 83
3 1.39629831246598 13229632 1 2 83
1 1.01130526698267 13229633 1 2 83
2 0.314585065058706 13229633 1 2 83
3 0.837778987479586 13229633 1 2 83
4 0.949936788102923 13229641 2 2 83
5 0.936445549355186 13229641 2 2 83
6 0 13229641 2 2 83
4 0.959408449762771 13229642 2 2 83
5 0.507651659184152 13229642 2 2 83
6 0 13229642 2 2 83
4 1.00128994689815 13229643 2 2 83
5 0.505132485537072 13229643 2 2 83
6 0.512787723785166 13229643 2 2 83
1 1.01695377145028 132732 1 1 15
2 0.587173023932074 132732 1 1 15
3 0 132732 1 1 15
1 0.9696847077477 132733 1 1 15
2 0.581982370358606 132733 1 1 15
3 0 132733 1 1 15
4 0.985826009494318 132742 2 1 15
5 0.774836742965284 132742 2 1 15
6 0 132742 2 1 15
4 1.0047048997415 132743 2 1 15
5 0.400777625671699 132743 2 1 15
6 1.02557544757033 132743 2 1 15
1 1.07618874593291 132831 1 1 15
2 0.807382569473168 132831 1 1 15
3 1.95481763745237 132831 1 1 15
1 0.9934678844534 132832 1 1 15
2 0.728736303208492 132832 1 1 15
3 1.67555797495917 132832 1 1 15
1 1.04645977505079 132833 1 1 15
2 0.568927090158669 132833 1 1 15
3 2.51333696243876 132833 1 1 15
1 1.01502138834294 132931 1 1 15
2 0.542659237226267 132931 1 1 15
3 2.51333696243876 132931 1 1 15
1 0.983062744644656 132932 1 1 15
2 0.539985264173268 132932 1 1 15
3 0.558519324986391 132932 1 1 15
1 0.992427370472525 132933 1 1 15
2 0.5347946105998 132933 1 1 15
3 1.95481763745237 132933 1 1 15
4 0.995942001879325 132941 2 1 15
5 0.271002013549434 132941 2 1 15
6 1.5383631713555 132941 2 1 15
4 1.01179253771825 132942 2 1 15
5 0.470780117622355 132942 2 1 15
6 0 132942 2 1 15
4 0.919266645585322 132943 2 1 15
5 0.46818460537991 132943 2 1 15
6 1.02557544757033 132943 2 1 15
1 1.07120914331016 13329731 1 2 83
2 0.741948875940957 13329731 1 2 83
3 0 13329731 1 2 83
1 1.05760813913158 13329732 1 2 83
2 0.739274902887958 13329732 1 2 83
3 0.837778987479586 13329732 1 2 83
1 0.993690851735016 13329733 1 2 83
2 0.519065357346864 13329733 1 2 83
3 0.837778987479586 13329733 1 2 83
4 0.973777024933832 13329741 2 2 83
5 0.612006519049525 13329741 2 2 83
6 0 13329741 2 2 83
4 1.04961475128513 13329742 2 2 83
5 1.15904889344255 13329742 2 2 83
6 0.512787723785166 13329742 2 2 83
4 0.989691993845276 13329743 2 2 83
5 0.488567010342642 13329743 2 2 83
6 3.58951406649616 13329743 2 2 83
1 1.02044692552893 13329932 1 2 83
2 0.975213701681988 13329932 1 2 83
3 0 13329932 1 2 83
1 1.01100797727385 13329933 1 2 83
2 0.495471477467461 13329933 1 2 83
3 2.51333696243876 13329933 1 2 83
4 1.034988443824 13329941 2 2 83
5 1.73922221822444 13329941 2 2 83
6 1.5383631713555 13329941 2 2 83
4 1.00406056901634 13329942 2 2 83
5 1.29142001780726 13329942 2 2 83
6 0.512787723785166 13329942 2 2 83
4 0.973583725716284 13329943 2 2 83
5 1.51913804778415 13329943 2 2 83
6 1.02557544757033 13329943 2 2 83
1 1.08012783457479 134210031 1 2 83
2 0.474551570641058 134210031 1 2 83
3 1.95481763745237 134210031 1 2 83
1 1.07715493748658 134210032 1 2 83
2 0.686896489555684 134210032 1 2 83
3 2.23407729994556 134210032 1 2 83
1 1.05114208796472 134210033 1 2 83
2 0.46668694401459 134210033 1 2 83
3 0.837778987479586 134210033 1 2 83
4 1.02319719155358 134210041 2 2 83
5 0.893161565782643 134210041 2 2 83
6 3.076726342711 134210041 2 2 83
4 0.972939394991124 134210042 2 2 83
5 0.75063740823425 134210042 2 2 83
6 0 134210042 2 2 83
4 1.00966624632523 134210043 2 2 83
5 0.585288010671412 134210043 2 2 83
6 2.05115089514066 134210043 2 2 83
1 1.02022395824731 134210131 1 2 83
2 0.896567435417311 134210131 1 2 83
3 2.79259662493195 134210131 1 2 83
1 0.986258609014485 134210132 1 2 83
2 0.63184410317041 134210132 1 2 83
3 0 134210132 1 2 83
1 1.01576461261499 134210133 1 2 83
2 0.411634557629316 134210133 1 2 83
3 0 134210133 1 2 83
4 0.969266709857714 134210141 2 2 83
5 1.00896721495292 134210141 2 2 83
6 0 134210141 2 2 83
4 0.990980655295595 134210142 2 2 83
5 1.10690963280755 134210142 2 2 83
6 1.02557544757033 134210142 2 2 83
4 1.01224356922586 134210143 2 2 83
5 0.436427749707638 134210143 2 2 83
6 0.512787723785166 134210143 2 2 83
1 1.0145011313525 134210231 1 2 83
2 0.610766903811477 134210231 1 2 83
3 0.279259662493195 134210231 1 2 83
1 1.03925049961187 134210232 1 2 83
2 0.605576250238008 134210232 1 2 83
3 2.23407729994556 134210232 1 2 83
1 1.05069615340149 134210233 1 2 83
2 0.60290227718501 134210233 1 2 83
3 0 134210233 1 2 83
4 1.0478750583272 134210241 2 2 83
5 1.24302134834519 134210241 2 2 83
6 0.512787723785166 134210241 2 2 83
4 1.01269460073348 134210242 2 2 83
5 1.09545884350264 134210242 2 2 83
6 1.02557544757033 134210242 2 2 83
4 1.05328743641854 134210243 2 2 83
5 1.46699878714915 134210243 2 2 83
6 2.05115089514066 134210243 2 2 83
1 0.973103539399144 135210431 1 2 63
2 1.69608537826401 135210431 1 2 63
3 1.39629831246598 135210431 1 2 63
1 0.988265314549028 135210432 1 2 63
2 0.836324395458569 135210432 1 2 63
3 0.558519324986391 135210432 1 2 63
1 0.967678002213157 135210433 1 2 63
2 1.70143332437001 135210433 1 2 63
3 1.39629831246598 135210433 1 2 63
4 0.909988283143023 135210442 2 2 63
5 0.975836264564062 135210442 2 2 63
6 0 135210442 2 2 63
4 0.887436707762434 135210443 2 2 63
5 0.698498147599246 135210443 2 2 63
6 0 135210443 2 2 63
1 0.961732208036732 135210531 1 2 63
2 1.98455988292285 135210531 1 2 63
3 2.23407729994556 135210531 1 2 63
1 0.982022230663782 135210532 1 2 63
2 1.41830676581717 135210532 1 2 63
3 0.837778987479586 135210532 1 2 63
1 1.05909458767569 135210533 1 2 63
2 1.0669152481466 135210533 1 2 63
3 2.79259662493195 135210533 1 2 63
1 1.00409599154376 136210631 1 2 63
2 1.67783944449061 136210631 1 2 63
3 1.95481763745237 136210631 1 2 63
1 1.03702082679571 136210632 1 2 63
2 1.67516547143761 136210632 1 2 63
3 2.23407729994556 136210632 1 2 63
1 1.02468330387963 136210633 1 2 63
2 1.66997481786414 136210633 1 2 63
3 0.279259662493195 136210633 1 2 63
4 1.03112245947304 136210641 2 2 63
5 2.13877842637028 136210641 2 2 63
6 3.58951406649616 136210641 2 2 63
4 0.993364678978686 136210642 2 2 63
5 1.06492340535623 136210642 2 2 63
6 3.076726342711 136210642 2 2 63
1 0.939955736865575 136210731 1 2 63
2 1.64638093798474 136210731 1 2 63
3 0 136210731 1 2 63
1 0.999636645911441 136210732 1 2 63
2 1.38150031320531 136210732 1 2 63
3 2.51333696243876 136210732 1 2 63
1 0.992204403190909 136210733 1 2 63
2 1.03026608806726 136210733 1 2 63
3 2.23407729994556 136210733 1 2 63
4 1.02964049880518 136210741 2 2 63
5 1.75067300752935 136210741 2 2 63
6 4.10230179028133 136210741 2 2 63
4 0.99761726176474 136210742 2 2 63
5 2.00007119859019 136210742 2 2 63
6 5.12787723785166 136210742 2 2 63
1 0.998150197367334 136210831 1 2 63
2 1.64103299187874 136210831 1 2 63
3 0 136210831 1 2 63
1 1.00238657571804 136210832 1 2 63
2 1.01453683481433 136210832 1 2 63
3 0.837778987479586 136210832 1 2 63
1 0.977860174740284 136210833 1 2 63
2 1.3579064333259 136210833 1 2 63
3 0 136210833 1 2 63
4 0.998519324779963 136210841 2 2 63
5 1.64127980036981 136210841 2 2 63
6 0 136210841 2 2 63
4 0.977900741574854 136210842 2 2 63
5 0.938964723002266 136210842 2 2 63
6 0 136210842 2 2 63
4 0.968622379132554 136210843 2 2 63
5 1.18454598429481 136210843 2 2 63
6 0 136210843 2 2 63
1 1.0172510611591 137210931 1 2 63
2 1.34485115312597 137210931 1 2 63
3 0 137210931 1 2 63
1 1.02044692552893 137210932 1 2 63
2 1.61492243147887 137210932 1 2 63
3 0.279259662493195 137210932 1 2 63
1 1.01546732290617 137210933 1 2 63
2 2.6477052000666 137210933 1 2 63
3 0 137210933 1 2 63
4 0.964112064056436 137210941 2 2 63
5 1.73288611480906 137210941 2 2 63
6 0 137210941 2 2 63
4 0.947810496709896 137210942 2 2 63
5 2.34870956362689 137210942 2 2 63
6 4.10230179028133 137210942 2 2 63
4 0.946328536042029 137210943 2 2 63
5 0.787585288391413 137210943 2 2 63
6 2.05115089514066 137210943 2 2 63
1 1.03925049961187 137211031 1 2 63
2 0.972539728628989 137211031 1 2 63
3 2.23407729994556 137211031 1 2 63
1 0.998670454357772 137211032 1 2 63
2 0.96734907505552 137211032 1 2 63
3 0.279259662493195 137211032 1 2 63
1 0.987224800568154 137211033 1 2 63
2 1.57292532529353 137211033 1 2 63
3 1.11703864997278 137211033 1 2 63
4 0.982604355868519 137211041 2 2 63
5 1.61967597788123 137211041 2 2 63
6 0 137211041 2 2 63
4 0.958119788312451 137211042 2 2 63
5 0.778653672733586 137211042 2 2 63
6 0 137211042 2 2 63
1 1.07789816175863 137211131 1 2 64
2 1.57025135224053 137211131 1 2 64
3 2.23407729994556 137211131 1 2 64
1 1.08384395593506 137211132 1 2 64
2 1.85086123027289 137211132 1 2 64
3 0.558519324986391 137211132 1 2 64
1 1.0536690504897 137211133 1 2 64
2 1.56238672561406 137211133 1 2 64
3 0.837778987479586 137211133 1 2 64
4 1.04980805050267 137211141 2 2 64
5 1.70486985030972 137211141 2 2 64
6 0 137211141 2 2 64
4 1.0446534047014 137211142 2 2 64
5 1.60822518857632 137211142 2 2 64
6 0.512787723785166 137211142 2 2 64
4 1.0317667901982 137211143 2 2 64
5 1.82319467312708 137211143 2 2 64
6 1.02557544757033 137211143 2 2 64
1 1.05835136340364 138211231 1 2 64
2 0.671167236302749 138211231 1 2 64
3 0.279259662493195 138211231 1 2 64
1 1.06727005466827 138211232 1 2 64
2 0.66849326324975 138211232 1 2 64
3 2.51333696243876 138211232 1 2 64
1 1.04571655077873 138211233 1 2 64
2 0.665819290196751 138211233 1 2 64
3 1.95481763745237 138211233 1 2 64
4 1.03672813678193 138211241 2 2 64
5 0.446580782891321 138211241 2 2 64
6 0 138211241 2 2 64
4 1.03112245947304 138211242 2 2 64
5 1.47844957645406 138211242 2 2 64
6 4.10230179028133 138211242 2 2 64
4 1.0139832621838 138211243 2 2 64
5 1.68838071371066 138211243 2 2 64
6 0.512787723785166 138211243 2 2 64
1 0.994657043288685 138211331 1 2 64
2 0.891376781843843 138211331 1 2 64
3 0.837778987479586 138211331 1 2 64
1 1.00632566435992 138211332 1 2 64
2 1.24261100698189 138211332 1 2 64
3 1.11703864997278 138211332 1 2 64
1 1.00483921581581 138211333 1 2 64
2 0.647573356423346 138211333 1 2 64
3 1.67555797495917 138211333 1 2 64
1 1.02319685533552 138211431 1 2 64
2 0.608250223291007 138211431 1 2 64
3 0.558519324986391 138211431 1 2 64
1 0.980535782119676 138211432 1 2 64
2 1.19274927417008 138211432 1 2 64
3 0.558519324986391 138211432 1 2 64
1 0.973623796389582 138211433 1 2 64
2 0.605576250238008 138211433 1 2 64
3 1.67555797495917 138211433 1 2 64
4 1.00625129348188 138211441 2 2 64
5 0.601777147270476 138211441 2 2 64
6 5.12787723785166 138211441 2 2 64
4 1.01933120720262 138211442 2 2 64
5 1.57257506454038 138211442 2 2 64
6 3.58951406649616 138211442 2 2 64
4 1.03331318393859 138211443 2 2 64
5 1.66547913510085 138211443 2 2 64
6 0.512787723785166 138211443 2 2 64
1 0.984772160470378 139211531 1 2 64
2 0.576791716785137 139211531 1 2 64
3 0 139211531 1 2 64
1 0.990197697656366 139211532 1 2 64
2 0.574117743732138 139211532 1 2 64
3 0.837778987479586 139211532 1 2 64
1 1.0145011313525 139211533 1 2 64
2 1.17702002091715 139211533 1 2 64
3 2.79259662493195 139211533 1 2 64
4 1.00083891539054 139211541 2 2 64
5 0.405892311561223 139211541 2 2 64
6 0.512787723785166 139211541 2 2 64
4 0.955993496919424 139211542 2 2 64
5 1.55219265957765 139211542 2 2 64
6 0 139211542 2 2 64
4 0.939240898065272 139211543 2 2 64
5 2.63879622601783 139211543 2 2 64
6 1.02557544757033 139211543 2 2 64
1 0.996143491832791 139211631 1 2 64
2 0.773407382446828 139211631 1 2 64
3 0.279259662493195 139211631 1 2 64
1 1.00060283746511 139211633 1 2 64
2 1.67249149838461 139211633 1 2 64
3 0 139211633 1 2 64
4 0.994202308921393 139211641 2 2 64
5 1.63234818471199 139211641 2 2 64
6 3.58951406649616 139211641 2 2 64
4 0.969073410640166 139211642 2 2 64
5 1.42241704745538 139211642 2 2 64
6 0.512787723785166 139211642 2 2 64
4 0.989240962337664 139211643 2 2 64
5 2.36267952657887 139211643 2 2 64
6 4.6150895140665 139211643 2 2 64
1 0.993913819016632 139211731 1 2 64
2 1.58078995192 139211731 1 2 64
3 0 139211731 1 2 64
1 1.01873750970321 139211732 1 2 64
2 1.30285404694063 139211732 1 2 64
3 0.558519324986391 139211732 1 2 64
1 1.04571655077873 139211733 1 2 64
2 0.429880491402721 139211733 1 2 64
3 0.558519324986391 139211733 1 2 64
4 1.01933120720262 139211741 2 2 64
5 1.82830935901661 139211741 2 2 64
6 0 139211741 2 2 64
4 0.960503811995542 139211742 2 2 64
5 1.25325072012424 139211742 2 2 64
6 4.6150895140665 139211742 2 2 64
4 0.936663575164634 139211743 2 2 64
5 1.57509423818746 139211743 2 2 64
6 2.05115089514066 139211743 2 2 64
1 1.03360199514427 140211831 1 2 64
2 0.406286611523318 140211831 1 2 64
3 1.95481763745237 140211831 1 2 64
1 1.0466827423324 140211833 1 2 64
2 1.25314960666135 140211833 1 2 64
3 1.95481763745237 140211833 1 2 64
4 1.02081316787049 140211841 2 2 64
5 0.496200869879246 140211841 2 2 64
6 0.512787723785166 140211841 2 2 64
4 1.00406056901634 140211842 2 2 64
5 1.13362814118566 140211842 2 2 64
6 2.05115089514066 140211842 2 2 64
1 0.992427370472525 140211931 1 2 65
2 1.22955572678195 140211931 1 2 65
3 0.837778987479586 140211931 1 2 65
1 1.00877830445769 140211932 1 2 65
2 0.977887674734987 140211932 1 2 65
3 0 140211932 1 2 65
1 1.00387302426214 140211933 1 2 65
2 2.74742866569021 140211933 1 2 65
3 0 140211933 1 2 65
4 1.03305545164852 140211941 2 2 65
5 0.993699495879715 140211941 2 2 65
6 0 140211941 2 2 65
4 1.04059412113289 140211942 2 2 65
5 1.54837572980935 140211942 2 2 65
6 0.512787723785166 140211942 2 2 65
4 1.02235956161087 140211943 2 2 65
5 1.67181523851623 140211943 2 2 65
6 2.05115089514066 140211943 2 2 65
1 1.02096718251936 140212031 1 2 65
2 1.19809722027608 140212031 1 2 65
3 1.67555797495917 140212031 1 2 65
1 1.00387302426214 140212032 1 2 65
2 1.19809722027608 140212032 1 2 65
3 2.51333696243876 140212032 1 2 65
1 0.998893421639388 140212033 1 2 65
2 1.71967925814341 140212033 1 2 65
3 2.23407729994556 140212033 1 2 65
4 1.00947294710768 140212041 2 2 65
5 1.44279945241812 140212041 2 2 65
6 2.56393861892583 140212041 2 2 65
4 1.00792655336729 140212042 2 2 65
5 1.66036444921132 140212042 2 2 65
6 0 140212042 2 2 65
4 1.02319719155358 140212043 2 2 65
5 1.44150169629689 140212043 2 2 65
6 2.05115089514066 140212043 2 2 65
1 0.992204403190909 141212131 1 3 86
2 0.411634557629316 141212131 1 3 86
3 2.51333696243876 141212131 1 3 86
1 1.00855533717608 141212132 1 3 86
2 0.830976449352571 141212132 1 3 86
3 0.837778987479586 141212132 1 3 86
4 0.959408449762771 141212141 2 3 86
5 0.585288010671412 141212141 2 3 86
6 0.512787723785166 141212141 2 3 86
4 0.970362072090485 141212142 2 3 86
5 1.10439045916047 141212142 2 3 86
6 0 141212142 2 3 86
4 0.964885260926628 141212143 2 3 86
5 0.947896338660092 141212143 2 3 86
6 0 141212143 2 3 86
1 0.984400548334352 141212231 1 3 86
2 0.374828105017448 141212231 1 3 86
3 0.558519324986391 141212231 1 3 86
1 0.96730639007713 141212232 1 3 86
2 1.16396474071721 141212232 1 3 86
3 2.23407729994556 141212232 1 3 86
1 0.963961880852891 141212233 1 3 86
2 1.16129076766421 141212233 1 3 86
3 0 141212233 1 3 86
4 1.02996266416776 141212241 2 3 86
5 1.33462766278444 141212241 2 3 86
6 0 141212241 2 3 86
4 0.98099352905562 141212242 2 3 86
5 0.575058638892363 141212242 2 3 86
6 0 141212242 2 3 86
4 0.991947151383335 141212243 2 3 86
5 0.68071125487896 141212243 2 3 86
6 0 141212243 2 3 86
1 0.964705105124944 141212331 1 3 86
2 1.14037086083781 141212331 1 3 86
3 1.39629831246598 141212331 1 3 86
1 0.996292136687202 141212332 1 3 86
2 0.76554275582036 141212332 1 3 86
3 2.79259662493195 141212332 1 3 86
1 0.996663748823228 141212333 1 3 86
2 1.12983226115834 141212333 1 3 86
3 1.11703864997278 141212333 1 3 86
4 0.98067136369304 141212341 2 3 86
5 1.07507643853991 141212341 2 3 86
6 0 141212341 2 3 86
4 0.998712623997511 141212342 2 3 86
5 1.19981370336802 141212342 2 3 86
6 0.512787723785166 141212342 2 3 86
4 0.983248686593679 141212343 2 3 86
5 1.54333738251519 141212343 2 3 86
6 0.512787723785166 141212343 2 3 86
1 1.01130526698267 1421031 1 1 15
2 0.928025941923182 1421031 1 1 15
3 0.279259662493195 1421031 1 1 15
1 1.03456818669794 1421032 1 1 15
2 0.508526757667398 1421032 1 1 15
3 2.23407729994556 1421032 1 1 15
1 1.00015690290188 1421033 1 1 15
2 0.503336104093929 1421033 1 1 15
3 0.558519324986391 1421033 1 1 15
4 0.946715134477125 1421041 2 1 15
5 0.458031572196227 1421041 2 1 15
6 0 1421041 2 1 15
4 0.992913647471074 1421042 2 1 15
5 0.735369689161043 1421042 2 1 15
6 0 1421042 2 1 15
4 0.936212543657022 1421043 2 1 15
5 0.587807184318492 1421043 2 1 15
6 0 1421043 2 1 15
1 1.03627760252366 1421131 1 1 15
2 0.484932877787995 1421131 1 1 15
3 0.279259662493195 1421131 1 1 15
1 1.04623680776917 1421132 1 1 15
2 0.482416197267525 1421132 1 1 15
3 0 1421132 1 1 15
1 1.05812839612202 1421133 1 1 15
2 0.707816396382088 1421133 1 1 15
3 1.11703864997278 1421133 1 1 15
4 0.967784749189846 1421143 2 1 15
5 0.349859782562552 1421143 2 1 15
6 0 1421143 2 1 15
1 1.0466827423324 1421231 1 1 15
2 0.697277796702621 1421231 1 1 15
3 0.837778987479586 1421231 1 1 15
1 1.06355393330801 1421232 1 1 15
2 0.692087143129153 1421232 1 1 15
3 0.279259662493195 1421232 1 1 15
1 1.01056204271062 1421233 1 1 15
2 0.686896489555684 1421233 1 1 15
3 0 1421233 1 1 15
4 0.954253803961493 1421242 2 1 15
5 1.18958433158897 1421242 2 1 15
6 0.512787723785166 1421242 2 1 15
1 0.956158025996333 142212431 1 3 86
2 0.739274902887958 142212431 1 3 86
3 0 142212431 1 3 86
1 0.928658727930368 142212432 1 3 86
2 1.10623838127894 142212432 1 3 86
3 0 142212432 1 3 86
4 1.00934408096265 142212441 2 3 86
5 1.18706515794189 142212441 2 3 86
6 0 142212441 2 3 86
4 0.957797622949871 142212442 2 3 86
5 0.903314598966326 142212442 2 3 86
6 0 142212442 2 3 86
4 0.965851757014367 142212443 2 3 86
5 0.648878060611322 142212443 2 3 86
6 2.56393861892583 142212443 2 3 86
1 1.02453465902522 142212531 1 3 86
2 1.08264450139954 142212531 1 3 86
3 0 142212531 1 3 86
1 0.987745057558591 142212532 1 3 86
2 1.30033736642016 142212532 1 3 86
3 0.558519324986391 142212532 1 3 86
4 0.972617229628544 142212541 2 3 86
5 1.86647865669963 142212541 2 3 86
6 0 142212541 2 3 86
4 0.955542465411813 142212542 2 3 86
5 0.637427271306416 142212542 2 3 86
6 0 142212542 2 3 86
4 0.998712623997511 142212543 2 3 86
5 0.744301304818869 142212543 2 3 86
6 0 142212543 2 3 86
1 0.924199382298049 142212631 1 3 86
2 0.686896489555684 142212631 1 3 86
3 0 142212631 1 3 86
1 0.960988983764679 142212632 1 3 86
2 0.684222516502685 142212632 1 3 86
3 2.51333696243876 142212632 1 3 86
1 0.916395527441492 142212633 1 3 86
2 0.679031862929216 142212633 1 3 86
3 1.39629831246598 142212633 1 3 86
4 0.982282190505939 142212641 2 3 86
5 0.62597648200151 142212641 2 3 86
6 2.56393861892583 142212641 2 3 86
4 0.985181678769158 142212642 2 3 86
5 0.623457308354431 142212642 2 3 86
6 0 142212642 2 3 86
1 0.982170875518192 143212731 1 3 87
2 1.03545674164073 143212731 1 3 87
3 2.23407729994556 143212731 1 3 87
1 0.975853469205741 143212732 1 3 87
2 1.59651920517293 143212732 1 3 87
3 1.39629831246598 143212732 1 3 87
1 0.966934777941103 143212733 1 3 87
2 0.815247196099636 143212733 1 3 87
3 2.23407729994556 143212733 1 3 87
4 1.0293183334426 143212741 2 3 87
5 1.14637668661179 143212741 2 3 87
6 0 143212741 2 3 87
4 1.03189565634324 143212742 2 3 87
5 1.66166220533255 143212742 2 3 87
6 3.076726342711 143212742 2 3 87
4 1.05444723172382 143212743 2 3 87
5 1.42623397722369 143212743 2 3 87
6 0 143212743 2 3 87
1 1.01487274348853 143212831 1 3 87
2 1.578115978867 143212831 1 3 87
3 1.39629831246598 143212831 1 3 87
1 0.96842122648521 143212832 1 3 87
2 1.57559929834653 143212832 1 3 87
3 0 143212832 1 3 87
1 1.05686491485953 143212833 1 3 87
2 1.21382647352902 143212833 1 3 87
3 0.837778987479586 143212833 1 3 87
4 0.975516717891763 143212841 2 3 87
5 1.13492589730688 143212841 2 3 87
6 0.512787723785166 143212841 2 3 87
4 1.03447297924387 143212843 2 3 87
5 0.881710776477737 143212843 2 3 87
6 2.56393861892583 143212843 2 3 87
4 1.04703742838449 143212941 2 3 87
5 1.3677586131733 143212941 2 3 87
6 4.6150895140665 143212941 2 3 87
1 1.15980147653889 144213031 1 3 87
2 2.51668052046965 144213031 1 3 87
3 0 144213031 1 3 87
1 1.03196690174575 144213032 1 3 87
2 1.44976527232305 144213032 1 3 87
3 0 144213032 1 3 87
1 1.00967017358416 144213033 1 3 87
2 1.08531847445253 144213033 1 3 87
3 0 144213033 1 3 87
4 1.00064561617299 144213042 2 3 87
5 1.36516310093085 144213042 2 3 87
6 5.12787723785166 144213042 2 3 87
4 1.00741108878717 144213043 2 3 87
5 0.70613200713585 144213043 2 3 87
6 3.076726342711 144213043 2 3 87
1 0.975481857069714 144213131 1 3 87
2 1.0669152481466 144213131 1 3 87
3 0 144213131 1 3 87
1 1.03419657456191 144213132 1 3 87
2 1.06172459457313 144213132 1 3 87
3 0.279259662493195 144213132 1 3 87
1 1.01264307067237 144213133 1 3 87
2 0.639708729796878 144213133 1 3 87
3 0.558519324986391 144213133 1 3 87
4 1.0180425457523 144213141 2 3 87
5 1.06362564923501 144213141 2 3 87
6 0 144213141 2 3 87
4 1.0309291602555 144213142 2 3 87
5 0.697200391478024 144213142 2 3 87
6 0 144213142 2 3 87
4 1.02964049880518 144213143 2 3 87
5 1.06240423170915 144213143 2 3 87
6 0 144213143 2 3 87
1 0.978454754157927 144213232 1 3 87
2 0.836324395458569 144213232 1 3 87
3 0 144213232 1 3 87
1 0.972137347845475 144213233 1 3 87
2 1.03813071469373 144213233 1 3 87
3 0 144213233 1 3 87
4 0.951676481060854 144213242 2 3 87
5 1.2023328770151 144213242 2 3 87
6 0.512787723785166 144213242 2 3 87
4 0.972939394991124 144213243 2 3 87
5 1.33210848913736 144213243 2 3 87
6 0.512787723785166 144213243 2 3 87
1 0.990346342510777 145213331 1 3 87
2 0.380176051123446 145213331 1 3 87
3 2.51333696243876 145213331 1 3 87
1 1.02750755611343 145213332 1 3 87
2 0.60038559666454 145213332 1 3 87
3 2.23407729994556 145213332 1 3 87
1 1.02081853766495 145213333 1 3 87
2 0.76554275582036 145213333 1 3 87
3 0.279259662493195 145213333 1 3 87
4 1.00966624632523 145213341 2 3 87
5 0.674298812868212 145213341 2 3 87
6 2.56393861892583 145213341 2 3 87
4 1.02867400271744 145213342 2 3 87
5 0.784989776148967 145213342 2 3 87
6 0.512787723785166 145213342 2 3 87
1 0.969907675029316 145213431 1 3 87
2 0.581982370358606 145213431 1 3 87
3 2.23407729994556 145213431 1 3 87
1 0.989231506102697 145213432 1 3 87
2 1.00148155461439 145213432 1 3 87
3 0 145213432 1 3 87
1 0.979569590566007 145213433 1 3 87
2 0.568927090158669 145213433 1 3 87
3 1.11703864997278 145213433 1 3 87
4 0.999679120085251 145213441 2 3 87
5 0.489864766463865 145213441 2 3 87
6 0 145213441 2 3 87
1 0.965819941533024 146213631 1 3 88
2 0.56625311710567 146213631 1 3 88
3 0 146213631 1 3 88
1 0.949840619683882 146213632 1 3 88
2 1.50214368565532 146213632 1 3 88
3 1.67555797495917 146213632 1 3 88
1 0.976968305613821 146213633 1 3 88
2 1.08012782087907 146213633 1 3 88
3 1.67555797495917 146213633 1 3 88
4 1.01772038038972 146213642 2 3 88
5 1.12217735188076 146213642 2 3 88
6 3.58951406649616 146213642 2 3 88
4 0.993235812833654 146213643 2 3 88
5 1.12087959575953 146213643 2 3 88
6 1.02557544757033 146213643 2 3 88
1 0.92196970948189 146213731 1 3 88
2 0.823111822726103 146213731 1 3 88
3 2.51333696243876 146213731 1 3 88
1 0.973623796389582 146213732 1 3 88
2 0.820595142205634 146213732 1 3 88
3 1.95481763745237 146213732 1 3 88
1 1.02825078038549 146213733 1 3 88
2 0.815247196099636 146213733 1 3 88
3 1.11703864997278 146213733 1 3 88
4 0.990336324570435 146213742 2 3 88
5 0.980950950453586 146213742 2 3 88
6 0 146213742 2 3 88
4 0.994846639646553 146213743 2 3 88
5 0.521621622136137 146213743 2 3 88
6 0 146213743 2 3 88
1 0.987001833286538 146213831 1 3 88
2 0.697277796702621 146213831 1 3 88
3 1.67555797495917 146213831 1 3 88
1 0.972880572117528 146213832 1 3 88
2 1.3579064333259 146213832 1 3 88
3 2.51333696243876 146213832 1 3 88
1 0.940921928419244 146213833 1 3 88
2 1.35538975280543 146213833 1 3 88
3 0.279259662493195 146213833 1 3 88
4 0.963274434113729 146213841 2 3 88
5 1.05095344240424 146213841 2 3 88
6 1.02557544757033 146213841 2 3 88
4 1.0260966798168 146213842 2 3 88
5 1.35249089410009 146213842 2 3 88
6 0.512787723785166 146213842 2 3 88
1 1.00521082795184 147213931 1 3 88
2 1.0695892211996 147213931 1 3 88
3 1.95481763745237 147213931 1 3 88
1 0.992576015326936 147213932 1 3 88
2 1.3369865264995 147213932 1 3 88
3 2.51333696243876 147213932 1 3 88
1 0.999636645911441 147213933 1 3 88
2 1.69089472469054 147213933 1 3 88
3 0 147213933 1 3 88
4 1.04413794012127 147213941 2 3 88
5 0.912246214624152 147213941 2 3 88
6 0 147213941 2 3 88
4 1.05573589317414 147213942 2 3 88
5 1.59165971338189 147213942 2 3 88
6 0 147213942 2 3 88
4 1.01707604966456 147213943 2 3 88
5 0.824456829953209 147213943 2 3 88
6 1.5383631713555 147213943 2 3 88
1 1.03159528960972 147214031 1 3 88
2 1.0486693143732 147214031 1 3 88
3 1.95481763745237 147214031 1 3 88
1 1.06652683039622 147214032 1 3 88
2 1.67249149838461 147214032 1 3 88
3 0 147214032 1 3 88
1 1.00075148231952 147214033 1 3 88
2 1.3133926466201 147214033 1 3 88
3 0.837778987479586 147214033 1 3 88
4 1.03898329431999 147214041 2 3 88
5 0.816822970416605 147214041 2 3 88
6 0 147214041 2 3 88
4 1.04703742838449 147214042 2 3 88
5 1.58020892407698 147214042 2 3 88
6 1.5383631713555 147214042 2 3 88
4 1.05186990882319 147214043 2 3 88
5 1.17691212475821 147214043 2 3 88
6 0 147214043 2 3 88
1 1.02416304688919 147214131 1 3 88
2 0.63184410317041 147214131 1 3 88
3 0 147214131 1 3 88
1 1.0382843080582 147214132 1 3 88
2 1.02240146144079 147214132 1 3 88
3 2.51333696243876 147214132 1 3 88
1 1.04237204155449 147214133 1 3 88
2 0.870299582484909 147214133 1 3 88
3 1.95481763745237 147214133 1 3 88
4 1.02416368764132 147214141 2 3 88
5 1.02163942178368 147214141 2 3 88
6 0.512787723785166 147214141 2 3 88
4 1.04349360939611 147214143 2 3 88
5 0.175578769341887 147214143 2 3 88
6 1.02557544757033 147214143 2 3 88
1 1.04460171437065 148214231 1 3 88
2 1.27139554043476 148214231 1 3 88
3 1.39629831246598 148214231 1 3 88
1 1.01710241630469 148214232 1 3 88
2 1.6253037386258 148214232 1 3 88
3 2.23407729994556 148214232 1 3 88
1 1.01561596776058 148214233 1 3 88
2 1.26620488686129 148214233 1 3 88
3 1.39629831246598 148214233 1 3 88
4 1.00193427762331 148214241 2 3 88
5 1.31302384029585 148214241 2 3 88
6 1.02557544757033 148214241 2 3 88
4 0.9813156944182 148214242 2 3 88
5 1.55730734546717 148214242 2 3 88
6 0.512787723785166 148214242 2 3 88
4 1.04381577475869 148214243 2 3 88
5 1.15401054614839 148214243 2 3 88
6 0 148214243 2 3 88
1 1.01412951921648 148214331 1 3 89
2 1.00399823513486 148214331 1 3 89
3 0.558519324986391 148214331 1 3 89
1 1.02267659834509 148214332 1 3 89
2 1.00148155461439 148214332 1 3 89
3 0 148214332 1 3 89
1 0.979941202702033 148214333 1 3 89
2 2.01067044332272 148214333 1 3 89
3 2.51333696243876 148214333 1 3 89
4 1.04607093229675 148214341 2 3 89
5 1.2023328770151 148214341 2 3 89
6 0 148214341 2 3 89
4 1.01063274241297 148214342 2 3 89
5 1.74945159000349 148214342 2 3 89
6 0 148214342 2 3 89
4 1.01707604966456 148214343 2 3 89
5 1.19469901747849 148214343 2 3 89
6 0 148214343 2 3 89
1 1.01375790708045 148214431 1 3 89
2 1.63851631135827 148214431 1 3 89
3 0.279259662493195 148214431 1 3 89
1 1.00781211290402 148214432 1 3 89
2 0.975213701681988 148214432 1 3 89
3 0 148214432 1 3 89
4 0.988725497757536 148214441 2 3 89
5 1.73922221822444 148214441 2 3 89
6 3.076726342711 148214441 2 3 89
4 1.01159923850071 148214442 2 3 89
5 1.33340624525858 148214442 2 3 89
6 0 148214442 2 3 89
4 1.01739821502714 148214443 2 3 89
5 1.48860260963774 148214443 2 3 89
6 0 148214443 2 3 89
1 0.985515384742431 149214531 1 3 89
2 0.959484448429052 149214531 1 3 89
3 0.837778987479586 149214531 1 3 89
1 1.04348687796257 149214532 1 3 89
2 1.20596184690255 149214532 1 3 89
3 1.95481763745237 149214532 1 3 89
1 1.01710241630469 149214533 1 3 89
2 1.20328787384955 149214533 1 3 89
3 1.95481763745237 149214533 1 3 89
4 1.0596018775251 149214541 2 3 89
5 1.17431661251576 149214541 2 3 89
6 3.58951406649616 149214541 2 3 89
4 1.02867400271744 149214542 2 3 89
5 1.32317687347953 149214542 2 3 89
6 0 149214542 2 3 89
4 1.01192140386328 149214543 2 3 89
5 1.47967099397991 149214543 2 3 89
6 0 149214543 2 3 89
1 0.975481857069714 149214631 1 3 89
2 1.18236796702315 149214631 1 3 89
3 2.79259662493195 149214631 1 3 89
1 0.933118073562687 149214632 1 3 89
2 0.935890568549649 149214632 1 3 89
3 0 149214632 1 3 89
1 0.994062463871042 149214633 1 3 89
2 1.3133926466201 149214633 1 3 89
3 0 149214633 1 3 89
4 0.994524474283973 149214641 2 3 89
5 0.950415512307171 149214641 2 3 89
6 0 149214641 2 3 89
4 0.963918764838888 149214642 2 3 89
5 1.16416357933208 149214642 2 3 89
6 0.512787723785166 149214642 2 3 89
4 0.978094040792401 149214643 2 3 89
5 0.947896338660092 149214643 2 3 89
6 0 149214643 2 3 89
1 1.01635919203264 149214731 1 3 89
2 0.644899383370347 149214731 1 3 89
3 0 149214731 1 3 89
1 0.988859893966671 149214732 1 3 89
2 0.917487342243715 149214732 1 3 89
3 0 149214732 1 3 89
1 0.963590268716864 149214733 1 3 89
2 0.639708729796878 149214733 1 3 89
3 2.79259662493195 149214733 1 3 89
4 1.01127707313813 149214741 2 3 89
5 1.30668773688047 149214741 2 3 89
6 0.512787723785166 149214741 2 3 89
4 0.927836244229946 149214742 2 3 89
5 1.15523196367425 149214742 2 3 89
6 0 149214742 2 3 89
4 0.939112031920241 149214743 2 3 89
5 1.15401054614839 149214743 2 3 89
6 1.5383631713555 149214743 2 3 89
1 1.04051398087436 150214831 1 3 89
2 0.90175808899078 150214831 1 3 89
3 0.279259662493195 150214831 1 3 89
1 1.04423010223463 150214832 1 3 89
2 1.55987004509359 150214832 1 3 89
3 0 150214832 1 3 89
1 1.03382496242588 150214833 1 3 89
2 0.896567435417311 150214833 1 3 89
3 2.79259662493195 150214833 1 3 89
4 1.05348073563608 150214841 2 3 89
5 1.14759810413765 150214841 2 3 89
6 0 150214841 2 3 89
4 1.05509156244898 150214842 2 3 89
5 0.931330863465662 150214842 2 3 89
6 0 150214842 2 3 89
1 1.06281070903596 150214931 1 3 89
2 1.8953750169787 150214931 1 3 89
3 2.79259662493195 150214931 1 3 89
1 1.05389201777132 150214932 1 3 89
2 1.12983226115834 150214932 1 3 89
3 0 150214932 1 3 89
1 1.01933208912085 150214933 1 3 89
2 0.60290227718501 150214933 1 3 89
3 2.51333696243876 150214933 1 3 89
4 1.03221782170581 150214941 2 3 89
5 1.28760308803896 150214941 2 3 89
6 1.02557544757033 150214941 2 3 89
4 1.05186990882319 150214942 2 3 89
5 1.13744507095396 150214942 2 3 89
6 0 150214942 2 3 89
4 1.06572301941412 150214943 2 3 89
5 1.13614731483274 150214943 2 3 89
6 0 150214943 2 3 89
1 1.02490627116125 150215031 1 3 89
2 1.52573756553472 150215031 1 3 89
3 0 150215031 1 3 89
1 1.04794622359489 150215032 1 3 89
2 1.10623838127894 150215032 1 3 89
3 0 150215032 1 3 89
1 1.02416304688919 150215033 1 3 89
2 1.8717811370993 150215033 1 3 89
3 0.837778987479586 150215033 1 3 89
4 1.08763026406955 150215042 2 3 89
5 1.12851345529614 150215042 2 3 89
6 0 150215042 2 3 89
4 0.982604355868519 150215043 2 3 89
5 1.43386783676029 150215043 2 3 89
6 0 150215043 2 3 89
1 1.00335276727171 151215131 1 3 90
2 0.715681023008555 151215131 1 3 90
3 0 151215131 1 3 90
1 1.01412951921648 151215133 1 3 90
2 1.23474638035542 151215133 1 3 90
3 0 151215133 1 3 90
4 0.965529591651788 151215141 2 3 90
5 1.17943129840528 151215141 2 3 90
6 0 151215141 2 3 90
4 1.01933120720262 151215142 2 3 90
5 1.08912274008726 151215142 2 3 90
6 1.02557544757033 151215142 2 3 90
4 1.0212641993781 151215143 2 3 90
5 1.30287080711217 151215143 2 3 90
6 4.6150895140665 151215143 2 3 90
1 0.941665152691298 151215231 1 3 90
2 1.21634315404949 151215231 1 3 90
3 0 151215231 1 3 90
1 0.985886996878458 151215232 1 3 90
2 1.21382647352902 151215232 1 3 90
3 0 151215232 1 3 90
1 1.00706888863197 151215233 1 3 90
2 0.922835288349713 151215233 1 3 90
3 0 151215233 1 3 90
4 1.01707604966456 151215241 2 3 90
5 1.08148888055066 151215241 2 3 90
6 0 151215241 2 3 90
4 0.996779631822032 151215242 2 3 90
5 0.912246214624152 151215242 2 3 90
6 0.512787723785166 151215242 2 3 90
4 0.993235812833654 151215243 2 3 90
5 1.07767195078236 151215243 2 3 90
6 0.512787723785166 151215243 2 3 90
1 0.983657324062299 151215331 1 3 90
2 0.90175808899078 151215331 1 3 90
3 0 151215331 1 3 90
1 1.00149470659157 151215332 1 3 90
2 1.18488464754361 151215332 1 3 90
3 1.67555797495917 151215332 1 3 90
1 0.986630221150511 151215333 1 3 90
2 1.18236796702315 151215333 1 3 90
3 2.51333696243876 151215333 1 3 90
4 1.03930545968257 151215341 2 3 90
5 1.06874033512453 151215341 2 3 90
6 2.56393861892583 151215341 2 3 90
4 0.986792505582057 151215342 2 3 90
5 1.06744257900331 151215342 2 3 90
6 0 151215342 2 3 90
1 0.97681966075941 1521331 1 1 16
2 0.574117743732138 1521331 1 1 16
3 1.11703864997278 1521331 1 1 16
1 0.966711810659488 1521332 1 1 16
2 0.985752301361454 1521332 1 1 16
3 1.95481763745237 1521332 1 1 16
1 1.00283251028127 1521333 1 1 16
2 0.752330183087895 1521333 1 1 16
3 1.11703864997278 1521333 1 1 16
4 0.986470340219477 1521341 2 1 16
5 0.655214164026703 1521341 2 1 16
6 0.512787723785166 1521341 2 1 16
4 0.930413567130585 1521342 2 1 16
5 0.169242665926506 1521342 2 1 16
6 2.56393861892583 1521342 2 1 16
4 0.933441921538835 1521343 2 1 16
5 0.590326357965571 1521343 2 1 16
6 3.58951406649616 1521343 2 1 16
1 0.95652963813236 1521431 1 1 16
2 0.46668694401459 1521431 1 1 16
3 1.95481763745237 1521431 1 1 16
1 0.957495829686029 1521432 1 1 16
2 0.650090036943815 1521432 1 1 16
3 0.837778987479586 1521432 1 1 16
1 1.00558244008787 1521433 1 1 16
2 0.644899383370347 1521433 1 1 16
3 1.95481763745237 1521433 1 1 16
4 1.00985954554277 1521441 2 1 16
5 0.436427749707638 1521441 2 1 16
6 0 1521441 2 1 16
4 0.956831126862132 1521442 2 1 16
5 0.433832237465193 1521442 2 1 16
6 4.10230179028133 1521442 2 1 16
4 0.905091369631809 1521443 2 1 16
5 0.53948485345179 1521443 2 1 16
6 0 1521443 2 1 16
1 0.903240457826152 1521531 1 1 16
2 0.857244302284973 1521531 1 1 16
3 0.279259662493195 1521531 1 1 16
1 1.00387302426214 1521532 1 1 16
2 0.437745118029189 1521532 1 1 16
3 1.11703864997278 1521532 1 1 16
1 0.967455034931541 1521533 1 1 16
2 0.43255446445572 1521533 1 1 16
3 0.558519324986391 1521533 1 1 16
4 0.964563095564048 1521541 2 1 16
5 0.422381448160287 1521541 2 1 16
6 2.56393861892583 1521541 2 1 16
4 0.96134144193825 1521542 2 1 16
5 0.419862274513208 1521542 2 1 16
6 0.512787723785166 1521542 2 1 16
4 0.873519164098985 1521543 2 1 16
5 0.306652137585374 1521543 2 1 16
6 0.512787723785166 1521543 2 1 16
1 1.06504038185211 152215431 1 3 90
2 1.15090946051727 152215431 1 3 90
3 0 152215431 1 3 90
1 1.04423010223463 152215432 1 3 90
2 1.14823548746428 152215432 1 3 90
3 0 152215432 1 3 90
1 1.06169587262788 152215433 1 3 90
2 0.621305503490944 152215433 1 3 90
3 0 152215433 1 3 90
4 1.03769463286967 152215441 2 3 90
5 1.57509423818746 152215441 2 3 90
6 1.02557544757033 152215441 2 3 90
4 1.04381577475869 152215442 2 3 90
5 1.04713651263594 152215442 2 3 90
6 0 152215442 2 3 90
4 0.993235812833654 152215443 2 3 90
5 1.26088457966085 152215443 2 3 90
6 0 152215443 2 3 90
1 1.01487274348853 152215531 1 3 90
2 1.51000831228179 152215531 1 3 90
3 2.51333696243876 152215531 1 3 90
1 1.03754108378615 152215532 1 3 90
2 0.605576250238008 152215532 1 3 90
3 0.279259662493195 152215532 1 3 90
1 1.00037987018349 152215533 1 3 90
2 0.60290227718501 152215533 1 3 90
3 0 152215533 1 3 90
4 1.0692668384025 152215541 2 3 90
5 1.03568572333104 152215541 2 3 90
6 3.58951406649616 152215541 2 3 90
1 1.06132426049185 152215631 1 3 90
2 1.11410300790541 152215631 1 3 90
3 0 152215631 1 3 90
1 1.04534493864271 152215632 1 3 90
2 1.11158632738494 152215632 1 3 90
3 0.837778987479586 152215632 1 3 90
1 1.02713594397741 152215633 1 3 90
2 0.820595142205634 152215633 1 3 90
3 2.23407729994556 152215633 1 3 90
1 1.10145837118272 153215731 1 3 90
2 1.093183101079 153215731 1 3 90
3 0 153215731 1 3 90
1 1.01264307067237 153215732 1 3 90
2 1.3343125534465 153215732 1 3 90
3 2.23407729994556 153215732 1 3 90
1 1.05537846631542 153215733 1 3 90
2 1.08799244750553 153215733 1 3 90
3 0.558519324986391 153215733 1 3 90
4 1.05509156244898 153215741 2 3 90
5 1.23668524492981 153215741 2 3 90
6 0 153215741 2 3 90
4 1.07055549985282 153215742 2 3 90
5 1.23538748880859 153215742 2 3 90
6 0 153215742 2 3 90
4 1.02835183735486 153215743 2 3 90
5 0.849877582210099 153215743 2 3 90
6 0 153215743 2 3 90
1 0.988859893966671 153215831 1 3 90
2 0.786462662646764 153215831 1 3 90
3 0.558519324986391 153215831 1 3 90
1 1.00037987018349 153215832 1 3 90
2 0.783788689593765 153215832 1 3 90
3 0.558519324986391 153215832 1 3 90
1 1.03382496242588 153215833 1 3 90
2 0.550523863852735 153215833 1 3 90
3 1.39629831246598 153215833 1 3 90
4 1.01127707313813 153215841 2 3 90
5 1.22653221174613 153215841 2 3 90
6 0 153215841 2 3 90
4 1.01224356922586 153215842 2 3 90
5 1.37279696046746 153215842 2 3 90
6 0 153215842 2 3 90
4 1.01288789995102 153215843 2 3 90
5 1.53440576685736 153215843 2 3 90
6 0.512787723785166 153215843 2 3 90
1 1.01412951921648 153215931 1 3 91
2 0.970023048108519 153215931 1 3 91
3 0.837778987479586 153215931 1 3 91
1 1.00595405222389 153215932 1 3 91
2 0.96734907505552 153215932 1 3 91
3 2.23407729994556 153215932 1 3 91
1 1.05091912068311 153215933 1 3 91
2 0.964675102002521 153215933 1 3 91
3 0.558519324986391 153215933 1 3 91
4 0.997423962547192 153215941 2 3 91
5 0.595441043855095 153215941 2 3 91
6 0 153215941 2 3 91
4 1.04897042055997 153215942 2 3 91
5 0.591624114086793 153215942 2 3 91
6 1.02557544757033 153215942 2 3 91
4 0.989369828482696 153215943 2 3 91
5 1.2061498067834 153215943 2 3 91
6 0 153215943 2 3 91
1 1.03754108378615 154216031 1 3 91
2 1.70662397794348 154216031 1 3 91
3 2.79259662493195 154216031 1 3 91
1 1.04645977505079 154216032 1 3 91
2 1.46014657946998 154216032 1 3 91
3 0 154216032 1 3 91
1 1.01004178572018 154216033 1 3 91
2 1.16915539429068 154216033 1 3 91
3 1.95481763745237 154216033 1 3 91
4 1.03253998706839 154216041 2 3 91
5 2.09167751302944 154216041 2 3 91
6 2.56393861892583 154216041 2 3 91
4 1.04446010548385 154216042 2 3 91
5 1.19088208771019 154216042 2 3 91
6 3.58951406649616 154216042 2 3 91
4 1.01417656140134 154216043 2 3 91
5 1.72143532550415 154216043 2 3 91
6 0.512787723785166 154216043 2 3 91
1 1.0312236774737 154216131 1 3 91
2 0.912296688670246 154216131 1 3 91
3 1.11703864997278 154216131 1 3 91
1 1.01264307067237 154216132 1 3 91
2 0.909622715617248 154216132 1 3 91
3 0 154216132 1 3 91
1 1.01598757989661 154216133 1 3 91
2 0.907106035096778 154216133 1 3 91
3 0 154216133 1 3 91
4 1.02384152227874 154216141 2 3 91
5 1.18072905452651 154216141 2 3 91
6 0 154216141 2 3 91
4 0.990980655295595 154216142 2 3 91
5 1.27233536896575 154216142 2 3 91
6 0.512787723785166 154216142 2 3 91
1 1.00112309445555 154216231 1 3 91
2 0.891376781843843 154216231 1 3 91
3 0 154216231 1 3 91
1 0.995548912415148 154216232 1 3 91
2 1.65943621818467 154216232 1 3 91
3 0 154216232 1 3 91
1 1.03382496242588 154216233 1 3 91
2 1.12464160758487 154216233 1 3 91
3 0 154216233 1 3 91
4 1.00193427762331 154216242 2 3 91
5 1.00896721495292 154216242 2 3 91
6 0 154216242 2 3 91
4 0.985826009494318 154216243 2 3 91
5 1.16798050910038 154216243 2 3 91
6 0 154216243 2 3 91
1 0.981427651246139 155216331 1 3 91
2 1.10623838127894 155216331 1 3 91
3 0.279259662493195 155216331 1 3 91
1 1.05166234495516 155216332 1 3 91
2 1.39203891288477 155216332 1 3 91
3 0 155216332 1 3 91
1 0.979569590566007 155216333 1 3 91
2 0.595037650558542 155216333 1 3 91
3 0 155216333 1 3 91
4 1.02545234909164 155216341 2 3 91
5 1.2544721376501 155216341 2 3 91
6 0 155216341 2 3 91
4 1.01836471111488 155216342 2 3 91
5 1.15904889344255 155216342 2 3 91
6 2.05115089514066 155216342 2 3 91
4 1.04156061722063 155216343 2 3 91
5 1.52677190732076 155216343 2 3 91
6 0.512787723785166 155216343 2 3 91
4 1.0244858530039 155216441 2 3 91
5 0.987287053868968 155216441 2 3 91
6 0.512787723785166 155216441 2 3 91
4 0.996135301096873 155216442 2 3 91
5 0.849877582210099 155216442 2 3 91
6 0.512787723785166 155216442 2 3 91
1 0.941665152691298 155216531 1 3 91
2 1.05385996794666 155216531 1 3 91
3 0.558519324986391 155216531 1 3 91
1 1.00595405222389 155216532 1 3 91
2 1.3396604995525 155216532 1 3 91
3 1.39629831246598 155216532 1 3 91
1 1.05017589641105 155216533 1 3 91
2 1.0486693143732 155216533 1 3 91
3 1.67555797495917 155216533 1 3 91
4 1.01997553792778 155216541 2 3 91
5 0.973317090916983 155216541 2 3 91
6 0 155216541 2 3 91
4 1.02964049880518 155216542 2 3 91
5 0.97201933479576 155216542 2 3 91
6 0 155216542 2 3 91
4 1.05348073563608 155216543 2 3 91
5 1.13110896753858 155216543 2 3 91
6 0 155216543 2 3 91
1 1.01078500999224 156216631 1 4 130
2 0.220209545541094 156216631 1 4 130
3 0 156216631 1 4 130
1 1.01375790708045 156216632 1 4 130
2 0.922835288349713 156216632 1 4 130
3 1.11703864997278 156216632 1 4 130
1 1.04051398087436 156216633 1 4 130
2 0.644899383370347 156216633 1 4 130
3 1.95481763745237 156216633 1 4 130
4 1.00128994689815 156216641 2 4 130
5 1.27737371625991 156216641 2 4 130
6 1.5383631713555 156216641 2 4 130
4 1.04059412113289 156216642 2 4 130
5 1.27485454261283 156216642 2 4 130
6 1.02557544757033 156216642 2 4 130
4 1.00644459269943 156216643 2 4 130
5 0.592921870208016 156216643 2 4 130
6 0 156216643 2 4 130
1 1.05091912068311 156216731 1 4 130
2 0.629170130117411 156216731 1 4 130
3 0.279259662493195 156216731 1 4 130
1 1.03233851388178 156216732 1 4 130
2 1.18488464754361 156216732 1 4 130
3 0 156216732 1 4 130
1 1.04423010223463 156216733 1 4 130
2 1.43136204601711 156216733 1 4 130
3 0 156216733 1 4 130
4 1.02255286082842 156216741 2 4 130
5 1.4122640142717 156216741 2 4 130
6 1.02557544757033 156216741 2 4 130
4 1.04961475128513 156216742 2 4 130
5 1.26340375330793 156216742 2 4 130
6 4.6150895140665 156216742 2 4 130
4 1.04252711330837 156216743 2 4 130
5 1.55349041569887 156216743 2 4 130
6 3.58951406649616 156216743 2 4 130
1 0.995920524551175 156216831 1 4 131
2 1.08531847445253 156216831 1 4 131
3 0 156216831 1 4 131
1 1.02267659834509 156216832 1 4 131
2 1.08012782087907 156216832 1 4 131
3 0 156216832 1 4 131
1 1.01747402844072 156216833 1 4 131
2 1.3396604995525 156216833 1 4 131
3 0 156216833 1 4 131
4 1.04252711330837 156216841 2 4 131
5 0.790104462038492 156216841 2 4 131
6 3.076726342711 156216841 2 4 131
4 1.03415081388129 156216842 2 4 131
5 1.20485205066218 156216842 2 4 131
6 0 156216842 2 4 131
4 1.05090341273545 156216843 2 4 131
5 1.20363063313632 156216843 2 4 131
6 0.512787723785166 156216843 2 4 131
1 1.0382843080582 157217031 1 4 131
2 1.05385996794666 157217031 1 4 131
3 2.23407729994556 157217031 1 4 131
1 1.06504038185211 157217032 1 4 131
2 0.985752301361454 157217032 1 4 131
3 0.558519324986391 157217032 1 4 131
1 1.05314879349926 157217033 1 4 131
2 0.983078328308455 157217033 1 4 131
3 1.95481763745237 157217033 1 4 131
4 1.04768175910965 157217041 2 4 131
5 1.06744257900331 157217041 2 4 131
6 0 157217041 2 4 131
4 1.04188278258321 157217042 2 4 131
5 0.508949415305374 157217042 2 4 131
6 0 157217042 2 4 131
4 1.07023333449024 157217043 2 4 131
5 0.239168819281797 157217043 2 4 131
6 3.58951406649616 157217043 2 4 131
1 1.05166234495516 158217231 1 4 131
2 1.48374045934939 158217231 1 4 131
3 0.279259662493195 158217231 1 4 131
1 1.02341982261714 158217232 1 4 131
2 0.954293794855584 158217232 1 4 131
3 0 158217232 1 4 131
1 1.00781211290402 158217233 1 4 131
2 0.951619821802585 158217233 1 4 131
3 0 158217233 1 4 131
4 1.0309291602555 158217241 2 4 131
5 1.30027529486972 158217241 2 4 131
6 0 158217241 2 4 131
4 1.00128994689815 158217242 2 4 131
5 1.1578274759167 158217242 2 4 131
6 0 158217242 2 4 131
4 1.01288789995102 158217243 2 4 131
5 0.32695820395274 158217243 2 4 131
6 0 158217243 2 4 131
1 1.03233851388178 158217331 1 4 131
2 0.93321659549665 158217331 1 4 131
3 0 158217331 1 4 131
1 0.931260012882554 158217332 1 4 131
2 1.14823548746428 158217332 1 4 131
3 0 158217332 1 4 131
1 1.01896047698482 158217333 1 4 131
2 1.70662397794348 158217333 1 4 131
3 0.837778987479586 158217333 1 4 131
4 0.958764119037611 158217341 2 4 131
5 0.586509428197269 158217341 2 4 131
6 0.512787723785166 158217341 2 4 131
4 1.03221782170581 158217342 2 4 131
5 0.312988241000755 158217342 2 4 131
6 1.5383631713555 158217342 2 4 131
4 0.970362072090485 158217343 2 4 131
5 1.13874282707519 158217343 2 4 131
6 0 158217343 2 4 131
1 1.03977075660231 158217431 1 4 131
2 1.12731558063787 158217431 1 4 131
3 0 158217431 1 4 131
1 0.994434076007069 158217432 1 4 131
2 1.68822075163754 158217432 1 4 131
3 1.11703864997278 158217432 1 4 131
1 1.00855533717608 158217433 1 4 131
2 0.581982370358606 158217433 1 4 131
3 0 158217433 1 4 131
4 1.02255286082842 158217441 2 4 131
5 1.25195296400302 158217441 2 4 131
6 3.076726342711 158217441 2 4 131
4 1.00644459269943 158217442 2 4 131
5 1.11072656257585 158217442 2 4 131
6 0.512787723785166 158217442 2 4 131
4 1.0244858530039 158217443 2 4 131
5 0.288788906269721 158217443 2 4 131
6 0 158217443 2 4 131
1 1.05091912068311 159217532 1 4 131
2 1.10104772770547 159217532 1 4 131
3 1.95481763745237 159217532 1 4 131
1 1.09328290419013 159217533 1 4 131
2 1.09837375465247 159217533 1 4 131
3 0 159217533 1 4 131
4 1.06250136578832 159217541 2 4 131
5 0.815525214295382 159217541 2 4 131
6 0 159217541 2 4 131
4 1.09536223277146 159217543 2 4 131
5 0.417343100866129 159217543 2 4 131
6 3.076726342711 159217543 2 4 131
1 1.01004178572018 159217631 1 4 132
2 1.57559929834653 159217631 1 4 132
3 1.67555797495917 159217631 1 4 132
1 1.05835136340364 159217632 1 4 132
2 0.749813502567425 159217632 1 4 132
3 1.11703864997278 159217632 1 4 132
1 1.04274365369052 159217633 1 4 132
2 1.26887885991429 159217633 1 4 132
3 0 159217633 1 4 132
4 1.07281065739088 159217641 2 4 132
5 1.21126449267292 159217641 2 4 132
6 3.076726342711 159217641 2 4 132
4 1.00451160052395 159217642 2 4 132
5 0.76972205707576 159217642 2 4 132
6 0 159217642 2 4 132
4 1.01159923850071 159217643 2 4 132
5 0.494903113758023 159217643 2 4 132
6 4.10230179028133 159217643 2 4 132
1 1.04348687796257 160217931 1 4 132
2 0.980404355255456 160217931 1 4 132
3 0.558519324986391 160217931 1 4 132
1 1.01673080416866 160217932 1 4 132
2 0.977887674734987 160217932 1 4 132
3 0 160217932 1 4 132
1 0.992947627462963 160217933 1 4 132
2 0.972539728628989 160217933 1 4 132
3 0 160217933 1 4 132
4 1.03737246750709 160217941 2 4 132
5 0.222679682682732 160217941 2 4 132
6 0 160217941 2 4 132
4 1.00773325414975 160217942 2 4 132
5 0.218862752914431 160217942 2 4 132
6 0 160217942 2 4 132
4 1.06830034231476 160217943 2 4 132
5 0.477116221037737 160217943 2 4 132
6 0 160217943 2 4 132
1 1.06504038185211 160218031 1 4 132
2 1.21901712710248 160218031 1 4 132
3 0.558519324986391 160218031 1 4 132
1 1.08808033428576 160218032 1 4 132
2 0.954293794855584 160218032 1 4 132
3 2.79259662493195 160218032 1 4 132
1 1.06504038185211 160218033 1 4 132
2 1.51268228533479 160218033 1 4 132
3 0.558519324986391 160218033 1 4 132
4 1.03157349098066 160218041 2 4 132
5 0.744301304818869 160218041 2 4 132
6 0 160218041 2 4 132
4 1.061212704338 160218042 2 4 132
5 1.18072905452651 160218042 2 4 132
6 2.05115089514066 160218042 2 4 132
4 1.06701168086444 160218043 2 4 132
5 1.17813354228406 160218043 2 4 132
6 0 160218043 2 4 132
1 1.06355393330801 161218131 1 4 132
2 1.19809722027608 161218131 1 4 132
3 2.51333696243876 161218131 1 4 132
1 1.03382496242588 161218132 1 4 132
2 0.930699914976181 161218132 1 4 132
3 0.558519324986391 161218132 1 4 132
1 1.05463524204337 161218133 1 4 132
2 1.48908840545538 161218133 1 4 132
3 2.51333696243876 161218133 1 4 132
4 1.06185703506316 161218141 2 4 132
5 1.45173106807594 161218141 2 4 132
6 0.512787723785166 161218141 2 4 132
4 1.06830034231476 161218142 2 4 132
5 1.01660107448953 161218142 2 4 132
6 0 161218142 2 4 132
4 1.07538798029151 161218143 2 4 132
5 1.16798050910038 161218143 2 4 132
6 0 161218143 2 4 132
1 1.03754108378615 161218231 1 4 132
2 0.914970661723246 161218231 1 4 132
3 1.11703864997278 161218231 1 4 132
1 1.10443126827093 161218232 1 4 132
2 1.15877408714374 161218232 1 4 132
3 0.558519324986391 161218232 1 4 132
4 1.05670238926188 161218241 2 4 132
5 1.00637170271048 161218241 2 4 132
6 0 161218241 2 4 132
4 1.08247561826827 161218242 2 4 132
5 1.15652971979547 161218242 2 4 132
6 3.58951406649616 161218242 2 4 132
4 1.05283640491092 161218243 2 4 132
5 1.15141503390595 161218243 2 4 132
6 0 161218243 2 4 132
1 1.06355393330801 161218331 1 4 132
2 0.872973555537908 161218331 1 4 132
3 2.79259662493195 161218331 1 4 132
1 1.0620674847639 161218332 1 4 132
2 0.33298829136464 161218332 1 4 132
3 1.67555797495917 161218332 1 4 132
4 1.04574876693417 161218341 2 4 132
5 0.175578769341887 161218341 2 4 132
6 0 161218341 2 4 132
4 1.0277075066297 161218343 2 4 132
5 1.27103761284453 161218343 2 4 132
6 0 161218343 2 4 132
1 0.96842122648521 1621631 1 1 16
2 0.820595142205634 1621631 1 1 16
3 0 1621631 1 1 16
1 0.976373726196178 1621632 1 1 16
2 0.815247196099636 1621632 1 1 16
3 0.558519324986391 1621632 1 1 16
1 1.0102647530018 1621633 1 1 16
2 0.810056542526167 1621633 1 1 16
3 2.79259662493195 1621633 1 1 16
4 1.0285451365724 1621642 2 1 16
5 0.506353903062929 1621642 2 1 16
6 0 1621642 2 1 16
1 1.00090012717393 1621731 1 1 16
2 0.408960584576317 1621731 1 1 16
3 0 1621731 1 1 16
1 0.965225362115381 1621732 1 1 16
2 0.781272009073296 1621732 1 1 16
3 0.279259662493195 1621732 1 1 16
1 0.944861017061126 1621733 1 1 16
2 0.996133608508392 1621733 1 1 16
3 0 1621733 1 1 16
4 1.00019458466538 1621742 2 1 16
5 1.02805186379443 1621742 2 1 16
6 2.05115089514066 1621742 2 1 16
4 1.02171523088571 1621743 2 1 16
5 0.823159073831986 1621743 2 1 16
6 0.512787723785166 1621743 2 1 16
1 0.958759310948519 1621831 1 1 16
2 0.340852917991108 1621831 1 1 16
3 0.558519324986391 1621831 1 1 16
1 0.966191553669051 1621832 1 1 16
2 0.521739330399863 1621832 1 1 16
3 2.23407729994556 1621832 1 1 16
1 0.976076436487357 1621833 1 1 16
2 0.516391384293865 1621833 1 1 16
3 0.558519324986391 1621833 1 1 16
4 1.0047048997415 1621841 2 1 16
5 0.679413498757737 1621841 2 1 16
6 0 1621841 2 1 16
4 0.990529623787983 1621842 2 1 16
5 0.478413977158959 1621842 2 1 16
6 0.512787723785166 1621842 2 1 16
4 0.987952300887345 1621843 2 1 16
5 0.674298812868212 1621843 2 1 16
6 0 1621843 2 1 16
1 1.01821725271277 162218431 1 4 115
2 1.08531847445253 162218431 1 4 115
3 1.67555797495917 162218431 1 4 115
1 1.07693197020496 162218432 1 4 115
2 1.0695892211996 162218432 1 4 115
3 1.11703864997278 162218432 1 4 115
1 1.049432672139 162218433 1 4 115
2 0.8021919158997 162218433 1 4 115
3 0.279259662493195 162218433 1 4 115
4 1.02706317590454 162218441 2 4 115
5 1.11324573622293 162218441 2 4 115
6 1.02557544757033 162218441 2 4 115
4 1.03221782170581 162218442 2 4 115
5 0.683230428526039 162218442 2 4 115
6 0 162218442 2 4 115
4 1.03930545968257 162218443 2 4 115
5 0.815525214295382 162218443 2 4 115
6 0 162218443 2 4 115
1 1.05166234495516 162218531 1 4 115
2 1.35271577975243 162218531 1 4 115
3 0.279259662493195 162218531 1 4 115
1 1.04571655077873 162218532 1 4 115
2 0.76805943634083 162218532 1 4 115
3 0.279259662493195 162218532 1 4 115
1 0.962475432308785 162218533 1 4 115
2 0.526929983973332 162218533 1 4 115
3 0 162218533 1 4 115
4 1.0148208921265 162218541 2 4 115
5 0.662848023563307 162218541 2 4 115
6 0 162218541 2 4 115
4 1.0309291602555 162218542 2 4 115
5 0.793921391806794 162218542 2 4 115
6 0 162218542 2 4 115
4 1.0212641993781 162218543 2 4 115
5 0.931330863465662 162218543 2 4 115
6 0 162218543 2 4 115
1 1.09922869836656 162218631 1 4 115
2 1.32393124629956 162218631 1 4 115
3 1.39629831246598 162218631 1 4 115
1 1.08733711001371 162218632 1 4 115
2 1.31858330019356 162218632 1 4 115
3 0.279259662493195 162218632 1 4 115
1 1.08956678282987 162218633 1 4 115
2 0.736600929834959 162218633 1 4 115
3 0.279259662493195 162218633 1 4 115
4 1.06830034231476 162218641 2 4 115
5 1.22775362927199 162218641 2 4 115
6 0 162218641 2 4 115
4 1.06507868868896 162218643 2 4 115
5 1.52929108096784 162218643 2 4 115
6 2.05115089514066 162218643 2 4 115
1 1.05091912068311 163218732 1 4 115
2 0.43255446445572 163218732 1 4 115
3 0 163218732 1 4 115
4 1.03801679823225 163218741 2 4 115
5 0.482230906927261 163218741 2 4 115
6 0.512787723785166 163218741 2 4 115
4 1.05927971216252 163218742 2 4 115
5 0.765905127307458 163218742 2 4 115
6 0 163218742 2 4 115
4 1.05412506636124 163218743 2 4 115
5 0.477116221037737 163218743 2 4 115
6 0 163218743 2 4 115
1 0.996663748823228 163218931 1 4 115
2 0.644899383370347 163218931 1 4 115
3 2.51333696243876 163218931 1 4 115
1 1.0382843080582 163218932 1 4 115
2 0.637034756743879 163218932 1 4 115
3 1.11703864997278 163218932 1 4 115
1 1.03085206533767 163218933 1 4 115
2 0.896567435417311 163218933 1 4 115
3 0.279259662493195 163218933 1 4 115
4 1.05927971216252 163218941 2 4 115
5 0.599257973623397 163218941 2 4 115
6 3.076726342711 163218941 2 4 115
4 1.04510443620901 163218942 2 4 115
5 0.595441043855095 163218942 2 4 115
6 4.10230179028133 163218942 2 4 115
4 1.00966624632523 163218943 2 4 115
5 0.441466097001797 163218943 2 4 115
6 1.02557544757033 163218943 2 4 115
1 1.02639271970535 164219031 1 4 115
2 0.878164209111377 164219031 1 4 115
3 1.11703864997278 164219031 1 4 115
1 1.0382843080582 164219032 1 4 115
2 0.608250223291007 164219032 1 4 115
3 0 164219032 1 4 115
1 1.01673080416866 164219033 1 4 115
2 0.86778290196444 164219033 1 4 115
3 0 164219033 1 4 115
4 1.0309291602555 164219041 2 4 115
5 0.585288010671412 164219041 2 4 115
6 0 164219041 2 4 115
4 1.01610955357682 164219042 2 4 115
5 0.996218669526794 164219042 2 4 115
6 0 164219042 2 4 115
4 1.07925396464247 164219043 2 4 115
5 0.58147108090311 164219043 2 4 115
6 1.5383631713555 164219043 2 4 115
1 0.986258609014485 164219231 1 4 116
2 0.778598036020297 164219231 1 4 116
3 1.11703864997278 164219231 1 4 116
1 1.01524435562456 164219232 1 4 116
2 0.773407382446828 164219232 1 4 116
3 1.11703864997278 164219232 1 4 116
1 0.9780831420219 164219233 1 4 116
2 1.08531847445253 164219233 1 4 116
3 2.23407729994556 164219233 1 4 116
4 1.02835183735486 164219241 2 4 116
5 0.816822970416605 164219241 2 4 116
6 0 164219241 2 4 116
4 0.992269316745914 164219242 2 4 116
5 0.671779639221133 164219242 2 4 116
6 2.56393861892583 164219242 2 4 116
4 1.06572301941412 164219243 2 4 116
5 0.959347127964998 164219243 2 4 116
6 1.5383631713555 164219243 2 4 116
1 0.988488281830644 165219331 1 4 116
2 0.760194809714362 165219331 1 4 116
3 0 165219331 1 4 116
1 0.960245759492626 165219332 1 4 116
2 0.479742224214526 165219332 1 4 116
3 0.558519324986391 165219332 1 4 116
1 1.00558244008787 165219333 1 4 116
2 0.752330183087895 165219333 1 4 116
3 2.51333696243876 165219333 1 4 116
4 0.975516717891763 165219341 2 4 116
5 0.241764331524242 165219341 2 4 116
6 1.5383631713555 165219341 2 4 116
4 1.01546522285166 165219342 2 4 116
5 1.22523445562491 165219342 2 4 116
6 0.512787723785166 165219342 2 4 116
4 0.984537348043998 165219343 2 4 116
5 0.655214164026703 165219343 2 4 116
6 0 165219343 2 4 116
1 1.06355393330801 165219431 1 4 116
2 0.739274902887958 165219431 1 4 116
3 2.51333696243876 165219431 1 4 116
1 0.941665152691298 165219432 1 4 116
2 0.73408424931449 165219432 1 4 116
3 2.79259662493195 165219432 1 4 116
1 1.03977075660231 165219433 1 4 116
2 0.453474371282124 165219433 1 4 116
3 1.67555797495917 165219433 1 4 116
4 1.00000128544783 165219441 2 4 116
5 0.647580304490099 165219441 2 4 116
6 0 165219441 2 4 116
4 1.00644459269943 165219442 2 4 116
5 0.64506113084302 165219442 2 4 116
6 3.58951406649616 165219442 2 4 116
4 0.987759001669797 165219443 2 4 116
5 0.643763374721797 165219443 2 4 116
6 1.02557544757033 165219443 2 4 116
1 0.995177300279122 165219531 1 4 116
2 1.01186286176133 165219531 1 4 116
3 1.95481763745237 165219531 1 4 116
1 1.07098617602854 165219532 1 4 116
2 1.00667220818786 165219532 1 4 116
3 2.79259662493195 165219532 1 4 116
1 1.05612169058748 165219533 1 4 116
2 1.00148155461439 165219533 1 4 116
3 1.95481763745237 165219533 1 4 116
4 1.04897042055997 165219541 2 4 116
5 0.777355916612363 165219541 2 4 116
6 5.12787723785166 165219541 2 4 116
4 1.04317144403353 165219542 2 4 116
5 1.63364594083321 165219542 2 4 116
6 4.6150895140665 165219542 2 4 116
4 1.03415081388129 165219543 2 4 116
5 0.631091167891035 165219543 2 4 116
6 5.12787723785166 165219543 2 4 116
1 0.999413678629825 1721931 1 1 16
2 0.495471477467461 1721931 1 1 16
3 0.558519324986391 1721931 1 1 16
1 0.958982278230135 1721932 1 1 16
2 0.720871676582024 1721932 1 1 16
3 0.279259662493195 1721932 1 1 16
1 1.0046162485342 1721933 1 1 16
2 0.484932877787995 1721933 1 1 16
3 0.837778987479586 1721933 1 1 16
4 0.98196002514336 1721941 2 1 16
5 1.00133335541632 1721941 2 1 16
6 0 1721941 2 1 16
4 0.933828519973931 1721942 2 1 16
5 0.52040020461028 1721942 2 1 16
6 0 1721942 2 1 16
4 0.959408449762771 1721943 2 1 16
5 0.793921391806794 1721943 2 1 16
6 0.512787723785166 1721943 2 1 16
1 1.01918344426644 1722031 1 1 16
2 0.69995176975562 1722031 1 1 16
3 1.39629831246598 1722031 1 1 16
1 0.93148298016417 1722032 1 1 16
2 0.46668694401459 1722032 1 1 16
3 1.39629831246598 1722032 1 1 16
1 0.997184005813665 1722033 1 1 16
2 0.461338997908592 1722033 1 1 16
3 0 1722033 1 1 16
4 0.9151429289443 1722041 2 1 16
5 0.454214642427925 1722041 2 1 16
6 0.512787723785166 1722041 2 1 16
4 0.949292457377764 1722042 2 1 16
5 0.506353903062929 1722042 2 1 16
6 1.02557544757033 1722042 2 1 16
4 0.91449859821914 1722043 2 1 16
5 0.505132485537072 1722043 2 1 16
6 2.56393861892583 1722043 2 1 16
1 0.982542487654219 1722131 1 1 17
2 0.948945848749586 1722131 1 1 17
3 2.79259662493195 1722131 1 1 17
1 0.976596693477794 1722132 1 1 17
2 1.25047563360836 1722132 1 1 17
3 2.79259662493195 1722132 1 1 17
1 1.03107503261929 1722133 1 1 17
2 0.83365042240557 1722133 1 1 17
3 2.79259662493195 1722133 1 1 17
4 0.874356794041692 1722141 2 1 17
5 0.409709241329525 1722141 2 1 17
6 0 1722141 2 1 17
4 0.984730647261546 1722142 2 1 17
5 0.409709241329525 1722142 2 1 17
6 2.05115089514066 1722142 2 1 17
4 0.970813103598097 1722143 2 1 17
5 0.946598582538869 1722143 2 1 17
6 0 1722143 2 1 17
1 0.989008538821081 1822231 1 1 17
2 0.605576250238008 1822231 1 1 17
3 2.79259662493195 1822231 1 1 17
1 0.961955175318348 1822232 1 1 17
2 1.75900239127575 1822232 1 1 17
3 0 1822232 1 1 17
1 1.00409599154376 1822233 1 1 17
2 0.820595142205634 1822233 1 1 17
3 0.837778987479586 1822233 1 1 17
4 1.00322293907363 1822241 2 1 17
5 0.730331341866884 1822241 2 1 17
6 0 1822241 2 1 17
4 0.972488363483512 1822242 2 1 17
5 0.402075381792921 1822242 2 1 17
6 0 1822242 2 1 17
1 0.985738352024047 1822331 1 1 17
2 1.21382647352902 1822331 1 1 17
3 2.79259662493195 1822331 1 1 17
1 0.952070292500041 1822332 1 1 17
2 0.797001262326231 1822332 1 1 17
3 0 1822332 1 1 17
1 0.968644193766826 1822333 1 1 17
2 1.20847852742302 1822333 1 1 17
3 2.51333696243876 1822333 1 1 17
4 0.934086252263995 1822341 2 1 17
5 0.931330863465662 1822341 2 1 17
6 0.512787723785166 1822341 2 1 17
4 0.917977984135003 1822342 2 1 17
5 0.288788906269721 1822342 2 1 17
6 4.6150895140665 1822342 2 1 17
1 0.909706508993014 1822431 1 1 17
2 1.46282055252298 1822431 1 1 17
3 2.79259662493195 1822431 1 1 17
1 0.973846763671198 1822432 1 1 17
2 0.786462662646764 1822432 1 1 17
3 0 1822432 1 1 17
1 0.968941483475647 1822433 1 1 17
2 0.568927090158669 1822433 1 1 17
3 0 1822433 1 1 17
4 0.924614590604148 1822443 2 1 17
5 0.278635873086038 1822443 2 1 17
6 0 1822443 2 1 17
1 0.992724660181347 1922531 1 1 17
2 1.44441732621705 1922531 1 1 17
3 0.837778987479586 1922531 1 1 17
1 0.982319520372603 1922532 1 1 17
2 0.553197836905734 1922532 1 1 17
3 0.279259662493195 1922532 1 1 17
1 0.994657043288685 1922533 1 1 17
2 0.773407382446828 1922533 1 1 17
3 1.95481763745237 1922533 1 1 17
4 0.985181678769158 1922541 2 1 17
5 0.58399025455019 1922541 2 1 17
6 0 1922541 2 1 17
1 1.01249442581796 1922631 1 1 17
2 0.542659237226267 1922631 1 1 17
3 0 1922631 1 1 17
1 1.05857433068525 1922632 1 1 17
2 1.43403601907011 1922632 1 1 17
3 0.279259662493195 1922632 1 1 17
1 0.998893421639388 1922633 1 1 17
2 0.760194809714362 1922633 1 1 17
3 0.279259662493195 1922633 1 1 17
4 0.938596567340113 1922642 2 1 17
5 0.900795425319247 1922642 2 1 17
6 0 1922642 2 1 17
1 1.02765620096784 1922731 1 1 17
2 1.42349741939064 1922731 1 1 17
3 1.67555797495917 1922731 1 1 17
1 1.02542652815168 1922732 1 1 17
2 0.752330183087895 1922732 1 1 17
3 0 1922732 1 1 17
1 0.982765454935835 1922733 1 1 17
2 1.15877408714374 1922733 1 1 17
3 2.23407729994556 1922733 1 1 17
4 0.970813103598097 1922742 2 1 17
5 0.365127501635759 1922742 2 1 17
6 0 1922742 2 1 17
