1 0.985766074387741 11022831 1 1 29
2 0.907289847842355 11022831 1 1 29
3 2.09193776520509 11022831 1 1 29
1 1.03619890051559 11022832 1 1 29
2 0.928267647792467 11022832 1 1 29
3 1.39462517680339 11022832 1 1 29
1 1.01330845234629 11022833 1 1 29
2 0.660077326016463 11022833 1 1 29
3 0.697312588401697 11022833 1 1 29
4 1.04466362735065 11022841 2 1 29
5 0.822671292148113 11022841 2 1 29
6 0 11022841 2 1 29
4 0.975172786940981 11022842 2 1 29
5 0.81569166245903 11022842 2 1 29
6 0 11022842 2 1 29
4 0.990556757287114 11022843 2 1 29
5 0.814262099751628 11022843 2 1 29
6 0.620457604306864 11022843 2 1 29
1 1.04779180491101 11022931 1 1 29
2 1.16047019206785 11022931 1 1 29
3 0.697312588401697 11022931 1 1 29
1 0.996842097695468 11022932 1 1 29
2 0.629876527812422 11022932 1 1 29
3 0.697312588401697 11022932 1 1 29
1 1.04114619092638 11022933 1 1 29
2 1.15142803691694 11022933 1 1 29
3 0.697312588401697 11022933 1 1 29
4 1.00344247603858 11022942 2 1 29
5 0.412050427427758 11022942 2 1 29
6 0 11022942 2 1 29
4 0.980892468223517 11022943 2 1 29
5 0.798873277666061 11022943 2 1 29
6 0 11022943 2 1 29
1 0.928170753187558 11023031 1 1 29
2 0.614866550261911 11023031 1 1 29
3 0 11023031 1 1 29
1 1.00326619121395 11023032 1 1 29
2 1.13334372661512 11023032 1 1 29
3 1.04596888260255 11023032 1 1 29
1 0.977126776207713 11023033 1 1 29
2 1.13026939386381 11023033 1 1 29
3 0.697312588401697 11023033 1 1 29
4 1.00804451844981 11023041 2 1 29
5 0.789034522562173 11023041 2 1 29
6 0 11023041 2 1 29
4 0.978459960091864 11023043 2 1 29
5 0.39943663883303 11023043 2 1 29
6 0 11023043 2 1 29
1 1.00149402748471 11123131 1 1 29
2 1.36536542778748 11123131 1 1 29
3 0 11123131 1 1 29
1 0.952759524930713 11123132 1 1 29
2 1.10314292841107 11123132 1 1 29
3 0.697312588401697 11123132 1 1 29
1 0.9050587845521 11123133 1 1 29
2 1.97715764529808 11123133 1 1 29
3 3.13790664780764 11123133 1 1 29
4 0.960972198929166 11123141 2 1 29
5 0.777850296674848 11123141 2 1 29
6 0 11123141 2 1 29
4 0.991608652695396 11123142 2 1 29
5 0.925011163613333 11123142 2 1 29
6 0 11123142 2 1 29
1 1.01212700986013 11123231 1 1 29
2 1.34728111748566 11123231 1 1 29
3 3.48656294200849 11123231 1 1 29
1 0.992633208838532 11123232 1 1 29
2 1.96214766774757 11123232 1 1 29
3 0 11123232 1 1 29
4 0.990556757287114 11123242 2 1 29
5 1.59917611803952 11123242 2 1 29
6 0 11123242 2 1 29
1 1.0298486471525 11123331 1 1 29
2 0.7835931653779 11123331 1 1 29
3 0.697312588401697 11123331 1 1 29
1 1.04853020646486 11123332 1 1 29
2 1.33823896233475 11123332 1 1 29
3 1.39462517680339 11123332 1 1 29
1 1.0322853722802 11123333 1 1 29
2 1.32322898478424 11123333 1 1 29
3 0 11123333 1 1 29
4 1.07030357792754 11123341 2 1 29
5 0.908192778820364 11123341 2 1 29
6 0 11123341 2 1 29
4 1.01856347253264 11123342 2 1 29
5 0.905417745329524 11123342 2 1 29
6 0 11123342 2 1 29
4 1.05077776941129 11123343 2 1 29
5 1.3272228359372 11123343 2 1 29
6 0 11123343 2 1 29
1 0.97889893993695 112131 1 1 25
2 1.33823896233475 112131 1 1 25
3 0 112131 1 1 25
1 0.927653872099864 112132 1 1 25
2 0.545603641805937 112132 1 1 25
3 0.348656294200849 112132 1 1 25
1 0.825902137979542 112133 1 1 25
2 0.801677475679721 112133 1 1 25
3 0 112133 1 1 25
4 0.880765174047618 112141 2 1 25
5 0.531208683685948 112141 2 1 25
6 0 112141 2 1 25
4 0.919751047617092 112142 2 1 25
5 0.528349558271143 112142 2 1 25
6 0 112142 2 1 25
4 0.872612984633428 112143 2 1 25
5 0.253705334601948 112143 2 1 25
6 0 112143 2 1 25
1 1.01138860830628 112231 1 1 25
2 1.10006859565977 112231 1 1 25
3 0 112231 1 1 25
1 1.0074012399155 112232 1 1 25
2 1.09410077326016 112232 1 1 25
3 0 112232 1 1 25
1 0.971957965330774 112233 1 1 25
2 1.09102644050885 112233 1 1 25
3 1.74328147100424 112233 1 1 25
1 0.991156405730835 11223431 1 1 29
2 1.05485781990521 11223431 1 1 29
3 0.697312588401697 11223431 1 1 29
1 1.00917340364474 11223432 1 1 29
2 0.524444998752806 11223432 1 1 29
3 1.74328147100424 11223432 1 1 29
1 1.02120934897247 11223433 1 1 29
2 1.0458156647543 11223433 1 1 29
3 0.348656294200849 11223433 1 1 29
4 0.971885613790098 11223441 2 1 29
5 0.612441482235991 11223441 2 1 29
6 0 11223441 2 1 29
1 1.01161012877244 11223531 1 1 30
2 0.744531055125967 11223531 1 1 30
3 0.697312588401697 11223531 1 1 30
1 0.986725996407744 11223532 1 1 30
2 0.741456722374657 11223532 1 1 30
3 0 11223532 1 1 30
1 0.95896209798304 11223533 1 1 30
2 0.729340234472437 11223533 1 1 30
3 0.697312588401697 11223533 1 1 30
4 0.987664044914337 11223542 2 1 30
5 1.70984108997726 11223542 2 1 30
6 3.10228802153432 11223542 2 1 30
4 0.920211251858215 11223543 2 1 30
5 1.15205935831842 11223543 2 1 30
6 0 11223543 2 1 30
1 0.969742760669228 11223631 1 1 30
2 0.979627089049638 11223631 1 1 30
3 0 11223631 1 1 30
1 0.942717263798374 11223632 1 1 30
2 0.458075579945123 11223632 1 1 30
3 0.697312588401697 11223632 1 1 30
1 1.00570291634165 11223633 1 1 30
2 1.24184958842604 11223633 1 1 30
3 0 11223633 1 1 30
4 0.94341869430345 11223641 2 1 30
5 0.459730548315827 11223641 2 1 30
6 0.620457604306864 11223641 2 1 30
4 0.98812424915546 11223642 2 1 30
5 1.55427103064229 11223642 2 1 30
6 1.24091520861373 11223642 2 1 30
4 1.01442163436252 11223643 2 1 30
5 1.13667053623286 11223643 2 1 30
6 0 11223643 2 1 30
4 0.975632991182105 112241 2 1 25
5 1.01608271726726 112241 2 1 25
6 0 112241 2 1 25
4 1.00015530288769 112242 2 1 25
5 0.517165332383818 112242 2 1 25
6 0 112242 2 1 25
4 1.02448038420423 112243 2 1 25
5 0.515735769676416 112243 2 1 25
6 0 112243 2 1 25
1 1.04358291605408 112331 1 1 25
2 0.756466699925168 112331 1 1 25
3 0 112331 1 1 25
1 1.0034877116801 112332 1 1 25
2 1.07294213020703 112332 1 1 25
3 0.348656294200849 112332 1 1 25
1 1.02047094741862 112333 1 1 25
2 1.06389997505612 112333 1 1 25
3 0.348656294200849 112333 1 1 25
4 1.01527629938175 112341 2 1 25
5 0.885740235121749 112341 2 1 25
6 0 112341 2 1 25
4 1.01639393825305 112343 2 1 25
5 1.24313091197236 112343 2 1 25
6 0 112343 2 1 25
1 0.940945100069137 11323731 1 1 30
2 0.946351958094288 11323731 1 1 30
3 1.04596888260255 11323731 1 1 30
1 1.03841410517714 11323732 1 1 30
2 1.211648790222 11323732 1 1 30
3 1.39462517680339 11323732 1 1 30
1 0.986504475941589 11323733 1 1 30
2 1.20857445747069 11323733 1 1 30
3 0.348656294200849 11323733 1 1 30
4 0.920408482247268 11323741 2 1 30
5 0.864717254130537 11323741 2 1 30
6 0 11323741 2 1 30
4 0.99404116082705 11323742 2 1 30
5 1.80654680253684 11323742 2 1 30
6 0 11323742 2 1 30
4 0.924813294269452 11323743 2 1 30
5 1.40711016370381 11323743 2 1 30
6 0 11323743 2 1 30
1 0.983329349260041 11323831 1 1 30
2 0.910183337490646 11323831 1 1 30
3 2.78925035360679 11323831 1 1 30
1 0.940502059136828 11323832 1 1 30
2 0.904215515091045 11323832 1 1 30
3 0.697312588401697 11323832 1 1 30
1 0.967306035541528 11323833 1 1 30
2 0.629876527812422 11323833 1 1 30
3 3.48656294200849 11323833 1 1 30
4 0.94230105543215 11323841 2 1 30
5 0.689553776511757 11323841 2 1 30
6 0.620457604306864 11323841 2 1 30
4 0.976750630053405 11323842 2 1 30
5 0.688124213804355 11323842 2 1 30
6 1.24091520861373 11323842 2 1 30
1 1.01138860830628 11323931 1 1 30
2 0.503286355699676 11323931 1 1 30
3 1.04596888260255 11323931 1 1 30
1 0.980375743044647 11323932 1 1 30
2 0.500392866051384 11323932 1 1 30
3 2.44059405940594 11323932 1 1 30
1 1.03280225336789 11323933 1 1 30
2 0.765508855076079 11323933 1 1 30
3 3.48656294200849 11323933 1 1 30
4 1.00567775378118 11323941 2 1 30
5 0.367229431954493 11323941 2 1 30
6 0 11323941 2 1 30
4 1.005020319151 11323943 2 1 30
5 0.777850296674848 11323943 2 1 30
6 2.48183041722746 11323943 2 1 30
1 1.03206385181404 11424031 1 1 30
2 0.473266400598653 11424031 1 1 30
3 1.39462517680339 11424031 1 1 30
1 0.89545956435207 11424032 1 1 30
2 0.470192067847343 11424032 1 1 30
3 0.697312588401697 11424032 1 1 30
1 0.969299719736919 11424033 1 1 30
2 0.464224245447743 11424033 1 1 30
3 0.697312588401697 11424033 1 1 30
4 0.986809379895107 11424041 2 1 30
5 0.615300607650796 11424041 2 1 30
6 0.620457604306864 11424041 2 1 30
4 0.980892468223517 11424042 2 1 30
5 0.768011541570961 11424042 2 1 30
6 5.58411843876178 11424042 2 1 30
4 1.04315152770124 11424043 2 1 30
5 1.31326357655904 11424043 2 1 30
6 0 11424043 2 1 30
1 0.983033988638501 11424131 1 1 30
2 0.717404589673235 11424131 1 1 30
3 0.348656294200849 11424131 1 1 30
1 0.950544320269168 11424132 1 1 30
2 1.27494387627837 11424132 1 1 30
3 0.348656294200849 11424132 1 1 30
1 1.01700046011553 11424133 1 1 30
2 0.98252057869793 11424133 1 1 30
3 2.09193776520509 11424133 1 1 30
4 0.986809379895107 11424141 2 1 30
5 1.01894184268207 11424141 2 1 30
6 0.620457604306864 11424141 2 1 30
4 0.974515352310804 11424142 2 1 30
5 0.746988560579749 11424142 2 1 30
6 4.96366083445491 11424142 2 1 30
4 0.969716079510515 11424143 2 1 30
5 0.745643089796312 11424143 2 1 30
6 0 11424143 2 1 30
1 1.04978548910641 11524331 1 1 31
2 0.581772262409578 11524331 1 1 31
3 1.74328147100424 11524331 1 1 31
1 1.01973254586477 11524332 1 1 31
2 0.575623596906959 11524332 1 1 31
3 3.13790664780764 11524332 1 1 31
1 1.00422611323395 11524333 1 1 31
2 1.1212272387129 11524333 1 1 31
3 0 11524333 1 1 31
4 1.01902367677376 11524341 2 1 31
5 1.35951413473971 11524341 2 1 31
6 0 11524341 2 1 31
4 0.982864772114047 11524342 2 1 31
5 0.381188691332658 11524342 2 1 31
6 3.72274562584118 11524342 2 1 31
4 1.01198912623087 11524343 2 1 31
5 0.379843220549221 11524343 2 1 31
6 0 11524343 2 1 31
1 0.998318900803165 11524431 1 1 31
2 0.777625342978299 11524431 1 1 31
3 1.74328147100424 11524431 1 1 31
1 1.0268950409371 11524432 1 1 31
2 0.774551010226989 11524432 1 1 31
3 2.44059405940594 11524432 1 1 31
1 1.03523897849559 11524433 1 1 31
2 0.771657520578698 11524433 1 1 31
3 3.13790664780764 11524433 1 1 31
4 1.04117922381071 11524441 2 1 31
5 0.515735769676416 11524441 2 1 31
6 0 11524441 2 1 31
4 1.04532106198083 11524442 2 1 31
5 0.365799869247091 11524442 2 1 31
6 0 11524442 2 1 31
4 1.064583896645 11524443 2 1 31
5 0.364370306539688 11524443 2 1 31
6 0.620457604306864 11524443 2 1 31
1 0.992633208838532 11524531 1 1 31
2 0.744531055125967 11524531 1 1 31
3 0.697312588401697 11524531 1 1 31
1 1.0059244368078 11524532 1 1 31
2 0.738382389623347 11524532 1 1 31
3 3.13790664780764 11524532 1 1 31
1 1.04483819869562 11524533 1 1 31
2 0.738382389623347 11524533 1 1 31
3 0 11524533 1 1 31
4 1.00738708381964 11524541 2 1 31
5 1.20108494998993 11524541 2 1 31
6 0 11524541 2 1 31
4 0.973463456902522 11524542 2 1 31
5 0.350411047161524 11524542 2 1 31
6 0 11524542 2 1 31
4 0.993843930437997 11524543 2 1 31
5 0.350411047161524 11524543 2 1 31
6 0 11524543 2 1 31
1 1.0795430717265 11624631 1 1 31
2 0.720298079321527 11624631 1 1 31
3 0.348656294200849 11624631 1 1 31
1 1.04705340335717 11624632 1 1 31
2 0.717404589673235 11624632 1 1 31
3 0.348656294200849 11624632 1 1 31
1 1.05539734091565 11624633 1 1 31
2 0.720298079321527 11624633 1 1 31
3 0.348656294200849 11624633 1 1 31
4 1.07378798146747 11624641 2 1 31
5 1.18990072410261 11624641 2 1 31
6 0.620457604306864 11624641 2 1 31
1 1.0302916880848 11624731 1 1 31
2 0.696245946620105 11624731 1 1 31
3 0.697312588401697 11624731 1 1 31
1 1.01552365700784 11624732 1 1 31
2 0.461149912696433 11624732 1 1 31
3 2.09193776520509 11624732 1 1 31
1 0.950544320269168 11624733 1 1 31
2 1.01272137690197 11624733 1 1 31
3 0 11624733 1 1 31
4 1.02691289233588 11624741 2 1 31
5 1.04837401606977 11624741 2 1 31
6 1.86137281292059 11624741 2 1 31
4 1.04466362735065 11624742 2 1 31
5 0.632118992443766 11624742 2 1 31
6 4.34320323014805 11624742 2 1 31
4 1.05123797365242 11624743 2 1 31
5 1.04694445336236 11624743 2 1 31
6 0.620457604306864 11624743 2 1 31
1 1.01677893964938 11724931 1 1 31
2 0.99463706660015 11724931 1 1 31
3 2.44059405940594 11724931 1 1 31
1 1.00939492411089 11724932 1 1 31
2 0.675087303566974 11724932 1 1 31
3 0.697312588401697 11724932 1 1 31
1 1.03893098626483 11724933 1 1 31
2 0.672193813918683 11724933 1 1 31
3 3.48656294200849 11724933 1 1 31
4 1.07030357792754 11724941 2 1 31
5 0.466710178004909 11724941 2 1 31
6 3.72274562584118 11724941 2 1 31
4 1.10449017869672 11724943 2 1 31
5 0.466710178004909 11724943 2 1 31
6 0 11724943 2 1 31
1 0.997802019715471 11725031 1 1 31
2 0.415939136941881 11725031 1 1 31
3 0.348656294200849 11725031 1 1 31
1 1.02438447565402 11725032 1 1 31
2 0.645067348465952 11725032 1 1 31
3 2.44059405940594 11725032 1 1 31
4 1.00870195307999 11725041 2 1 31
5 0.873126446527022 11725041 2 1 31
6 0 11725041 2 1 31
4 1.01159466545277 11725042 2 1 31
5 1.28660643666218 11725042 2 1 31
6 0.620457604306864 11725042 2 1 31
4 0.963601937449872 11725043 2 1 31
5 2.1121368542251 11725043 2 1 31
6 0 11725043 2 1 31
1 0.978382058849256 11725131 1 1 32
2 2.155107258668 11725131 1 1 32
3 2.44059405940594 11725131 1 1 32
1 1.00001722437702 11725132 1 1 32
2 1.25993389872786 11725132 1 1 32
3 0.697312588401697 11725132 1 1 32
1 1.01626205856168 11725133 1 1 32
2 1.25993389872786 11725133 1 1 32
3 2.09193776520509 11725133 1 1 32
4 0.998445972849233 11725141 2 1 32
5 1.79258754315868 11725141 2 1 32
6 0.620457604306864 11725141 2 1 32
4 0.978722933943935 11725142 2 1 32
5 1.2781972442657 11725142 2 1 32
6 0.620457604306864 11725142 2 1 32
4 0.958999895038636 11725143 2 1 32
5 1.54165724204757 11725143 2 1 32
6 0 11725143 2 1 32
1 0.99093488526468 11825231 1 1 32
2 0.904215515091045 11825231 1 1 32
3 1.39462517680339 11825231 1 1 32
1 1.01382533343398 11825232 1 1 32
2 0.623908705412821 11825232 1 1 32
3 1.74328147100424 11825232 1 1 32
1 1.01604053809553 11825233 1 1 32
2 0.898247692691444 11825233 1 1 32
3 0 11825233 1 1 32
4 1.00324524564952 11825241 2 1 32
5 0.720415512606857 11825241 2 1 32
6 0.620457604306864 11825241 2 1 32
4 1.00193037638917 11825242 2 1 32
5 0.720415512606857 11825242 2 1 32
6 0 11825242 2 1 32
4 0.992266087325573 11825243 2 1 32
5 1.7743395956583 11825243 2 1 32
6 0 11825243 2 1 32
1 0.959700499536889 11825331 1 1 32
2 0.545603641805937 11825331 1 1 32
3 1.39462517680339 11825331 1 1 32
1 0.971957965330774 11825332 1 1 32
2 1.15142803691694 11825332 1 1 32
3 0.697312588401697 11825332 1 1 32
1 0.998835781890859 11825333 1 1 32
2 1.70589299077077 11825333 1 1 32
3 3.13790664780764 11825333 1 1 32
4 0.897398270191087 11825341 2 1 32
5 1.48565202068698 11825341 2 1 32
6 0.620457604306864 11825341 2 1 32
4 1.02099598066429 11825342 2 1 32
5 1.35387997583406 11825342 2 1 32
6 0.620457604306864 11825342 2 1 32
4 0.997525564366986 11825343 2 1 32
5 1.73649822987412 11825343 2 1 32
6 0 11825343 2 1 32
1 1.00127250701856 11825431 1 1 32
2 1.12430157146421 11825431 1 1 32
3 3.13790664780764 11825431 1 1 32
1 0.996842097695468 11825432 1 1 32
2 1.67876652531803 11825432 1 1 32
3 2.78925035360679 11825432 1 1 32
1 0.964869310413828 11825433 1 1 32
2 1.12430157146421 11825433 1 1 32
3 0 11825433 1 1 32
4 0.939276856133337 11825441 2 1 32
5 0.946034144604545 11825441 2 1 32
6 0 11825441 2 1 32
4 1.00718985343058 11825442 2 1 32
5 1.0791516602409 11825442 2 1 32
6 2.48183041722746 11825442 2 1 32
4 0.929612567069741 11825443 2 1 32
5 1.07780618945746 11825443 2 1 32
6 0.620457604306864 11825443 2 1 32
1 0.973434768438471 11925531 1 1 32
2 0.482308555749563 11925531 1 1 32
3 0.348656294200849 11925531 1 1 32
1 0.968265957561531 11925532 1 1 32
2 0.482308555749563 11925532 1 1 32
3 0.348656294200849 11925532 1 1 32
1 0.990713364798526 11925533 1 1 32
2 1.39249189324021 11925533 1 1 32
3 1.04596888260255 11925533 1 1 32
4 0.999497868257516 11925541 2 1 32
5 1.32865239864461 11925541 2 1 32
6 0.620457604306864 11925541 2 1 32
4 0.957685025778283 11925542 2 1 32
5 1.32865239864461 11925542 2 1 32
6 0.620457604306864 11925542 2 1 32
4 0.936186913371507 11925543 2 1 32
5 1.45899488079012 11925543 2 1 32
6 1.24091520861373 11925543 2 1 32
4 1.05058053902224 11925641 2 1 32
5 0.641873655623688 11925641 2 1 32
6 3.10228802153432 11925641 2 1 32
4 1.02382294957405 11925642 2 1 32
5 1.6958818305991 11925642 2 1 32
6 0 11925642 2 1 32
4 0.986612149506054 11925643 2 1 32
5 0.503121981081688 11925643 2 1 32
6 2.48183041722746 11925643 2 1 32
1 1.05022853003871 11925731 1 1 32
2 1.0458156647543 11925731 1 1 32
3 2.78925035360679 11925731 1 1 32
4 1.04269132346012 11925741 2 1 32
5 1.30064978796431 11925741 2 1 32
6 1.24091520861373 11925741 2 1 32
4 1.04578126622195 11925742 2 1 32
5 0.905417745329524 11925742 2 1 32
6 1.24091520861373 11925742 2 1 32
4 1.0262554577057 11925743 2 1 32
5 1.45899488079012 11925743 2 1 32
6 2.48183041722746 11925743 2 1 32
1 0.98133566506465 12025831 1 1 32
2 1.32322898478424 12025831 1 1 32
3 1.39462517680339 12025831 1 1 32
1 0.984067750813889 12025832 1 1 32
2 1.01868919930157 12025832 1 1 32
3 3.48656294200849 12025832 1 1 32
1 1.02290767254632 12025833 1 1 32
2 1.00964704415066 12025833 1 1 32
3 1.74328147100424 12025833 1 1 32
4 0.999958072498639 12025841 2 1 32
5 0.475119370401394 12025841 2 1 32
6 1.24091520861373 12025841 2 1 32
4 0.936647117612631 12025842 2 1 32
5 1.15769351722407 12025842 2 1 32
6 0.620457604306864 12025842 2 1 32
4 0.961826863948396 12025843 2 1 32
5 1.42115351500594 12025843 2 1 32
6 0 12025843 2 1 32
1 1.01013332566474 12025931 1 1 33
2 1.87172611623846 12025931 1 1 33
3 3.48656294200849 12025931 1 1 33
1 1.03450057694174 12025932 1 1 33
2 1.27494387627837 12025932 1 1 33
3 1.04596888260255 12025932 1 1 33
1 1.01434221452168 12025933 1 1 33
2 0.645067348465952 12025933 1 1 33
3 0 12025933 1 1 33
4 0.999300637868463 12025941 2 1 33
5 1.40576469292037 12025941 2 1 33
6 1.24091520861373 12025941 2 1 33
4 0.984179641374401 12025942 2 1 33
5 1.14222060321454 12025942 2 1 33
6 0 12025942 2 1 33
4 0.912519266685149 12025943 2 1 33
5 1.27256308536005 12025943 2 1 33
6 1.86137281292059 12025943 2 1 33
1 1.01552365700784 12026032 1 1 33
2 1.25378523322524 12026032 1 1 33
3 0.348656294200849 12026032 1 1 33
4 0.972345818031221 12026041 2 1 33
5 0.868921850328779 12026041 2 1 33
6 0 12026041 2 1 33
4 0.971228179159921 12026042 2 1 33
5 0.996489298983454 12026042 2 1 33
6 0 12026042 2 1 33
4 0.988781683785637 12026043 2 1 33
5 2.07850008463916 12026043 2 1 33
6 0 12026043 2 1 33
1 1.04579812071562 12126131 1 1 33
2 1.76629458717885 12126131 1 1 33
3 1.04596888260255 12126131 1 1 33
1 0.969521240203074 12126132 1 1 33
2 0.862079072087802 12126132 1 1 33
3 1.04596888260255 12126132 1 1 33
1 1.03649426113713 12126133 1 1 33
2 1.76322025442754 12126133 1 1 33
3 0.697312588401697 12126133 1 1 33
4 1.02757032696606 12126142 2 1 33
5 1.86263611582139 12126142 2 1 33
6 0 12126142 2 1 33
4 0.966231675970579 12126143 2 1 33
5 1.59631699262472 12126143 2 1 33
6 0 12126143 2 1 33
1 1.00297083059241 12126231 1 1 33
2 1.13623721626341 12126231 1 1 33
3 3.13790664780764 12126231 1 1 33
1 0.99366697101392 12126232 1 1 33
2 1.13334372661512 12126232 1 1 33
3 2.78925035360679 12126232 1 1 33
1 1.01995406633093 12126233 1 1 33
2 0.828803941132452 12126233 1 1 33
3 0.348656294200849 12126233 1 1 33
4 0.995553260476456 12126242 2 1 33
5 1.20671910889558 12126242 2 1 33
6 0 12126242 2 1 33
4 1.00147017214805 12126243 2 1 33
5 1.20671910889558 12126243 2 1 33
6 0 12126243 2 1 33
1 0.945892390479922 12126331 1 1 33
2 0.482308555749563 12126331 1 1 33
3 0 12126331 1 1 33
1 0.93459484670604 12126332 1 1 33
2 1.12430157146421 12126332 1 1 33
3 0 12126332 1 1 33
1 0.94463710783838 12126333 1 1 33
2 1.71800947867299 12126333 1 1 33
3 1.39462517680339 12126333 1 1 33
1 1.01234853032629 12226432 1 1 33
2 1.09410077326016 12226432 1 1 33
3 0 12226432 1 1 33
1 1.02246463161401 12226433 1 1 33
2 1.09717510601147 12226433 1 1 33
3 3.48656294200849 12226433 1 1 33
4 1.03762907680776 12226441 2 1 33
5 1.44360605870455 12226441 2 1 33
6 0 12226441 2 1 33
4 1.03217236937729 12226442 2 1 33
5 1.31603861004988 12226442 2 1 33
6 0 12226442 2 1 33
4 0.928955132439565 12226443 2 1 33
5 1.31603861004988 12226443 2 1 33
6 0 12226443 2 1 33
1 0.965829232433831 12226531 1 1 33
2 1.07909079570965 12226531 1 1 33
3 2.09193776520509 12226531 1 1 33
1 0.965090830879983 12226532 1 1 33
2 0.765508855076079 12226532 1 1 33
3 0.348656294200849 12226532 1 1 33
1 1.02098782850631 12226533 1 1 33
2 1.29302818658019 12226533 1 1 33
3 3.48656294200849 12226533 1 1 33
4 0.94933560597504 12226541 2 1 33
5 0.777850296674848 12226541 2 1 33
6 0 12226541 2 1 33
1 1.00843500209089 12226631 1 1 33
2 1.28091169867797 12226631 1 1 33
3 1.04596888260255 12226631 1 1 33
1 0.991894807284683 12226632 1 1 33
2 1.28091169867797 12226632 1 1 33
3 0 12226632 1 1 33
1 1.01877262384477 12226633 1 1 33
2 1.0398478423547 12226633 1 1 33
3 3.13790664780764 12226633 1 1 33
4 0.987466814525284 12226641 2 1 33
5 1.28803599936958 12226641 2 1 33
6 3.72274562584118 12226641 2 1 33
4 0.969255875269391 12226642 2 1 33
5 1.41551935610029 12226642 2 1 33
6 0.620457604306864 12226642 2 1 33
4 0.963996398227978 12226643 2 1 33
5 1.80099673555516 12226643 2 1 33
6 0.620457604306864 12226643 2 1 33
1 1.0542158984295 122431 1 1 26
2 0.738382389623347 122431 1 1 26
3 0.348656294200849 122431 1 1 26
1 0.976905255741559 122531 1 1 26
2 0.717404589673235 122531 1 1 26
3 0 122531 1 1 26
1 0.996842097695468 122532 1 1 26
2 1.03677350960339 122532 1 1 26
3 0.348656294200849 122532 1 1 26
1 1.00444763370011 122533 1 1 26
2 0.708362434522325 122533 1 1 26
3 1.04596888260255 122533 1 1 26
4 0.991608652695396 122541 2 1 26
5 0.339142729350234 122541 2 1 26
6 0 122541 2 1 26
4 0.914294340186626 122542 2 1 26
5 0.213004843402961 122542 2 1 26
6 1.24091520861373 122542 2 1 26
4 0.956107182665859 122543 2 1 26
5 0.577459241866614 122543 2 1 26
6 3.10228802153432 122543 2 1 26
1 0.969742760669228 122631 1 1 26
2 1.00675355450237 122631 1 1 26
3 0.348656294200849 122631 1 1 26
1 0.976388374653865 122632 1 1 26
2 0.678161636318284 122632 1 1 26
3 0 122632 1 1 26
1 0.979120460403104 122633 1 1 26
2 0.403822649039661 122633 1 1 26
3 0 122633 1 1 26
4 1.00804451844981 122641 2 1 26
5 0.475119370401394 122641 2 1 26
6 0.620457604306864 122641 2 1 26
4 0.978722933943935 122642 2 1 26
5 0.473689807693991 122642 2 1 26
6 3.10228802153432 122642 2 1 26
4 1.04091624995864 122643 2 1 26
5 0.470914774203151 122643 2 1 26
6 0 122643 2 1 26
1 1.01434221452168 12326731 1 1 34
2 0.907289847842355 12326731 1 1 34
3 2.09193776520509 12326731 1 1 34
1 1.02911024559865 12326732 1 1 34
2 1.13334372661512 12326732 1 1 34
3 0 12326732 1 1 34
1 1.03893098626483 12326733 1 1 34
2 1.13334372661512 12326733 1 1 34
3 0.348656294200849 12326733 1 1 34
4 0.919948278006145 12326741 2 1 34
5 1.09462457425043 12326741 2 1 34
6 1.24091520861373 12326741 2 1 34
4 0.961629633559343 12326742 2 1 34
5 1.73229363367588 12326742 2 1 34
6 0 12326742 2 1 34
4 1.00981959195129 12326743 2 1 34
5 0.955872899708433 12326743 2 1 34
6 1.24091520861373 12326743 2 1 34
1 1.03619890051559 12326831 1 1 34
2 0.868046894487403 12326831 1 1 34
3 2.09193776520509 12326831 1 1 34
1 1.03501745802944 12326832 1 1 34
2 0.868046894487403 12326832 1 1 34
3 3.13790664780764 12326832 1 1 34
1 1.01581901762937 12326833 1 1 34
2 0.551571464205537 12326833 1 1 34
3 0.348656294200849 12326833 1 1 34
4 1.06372923162577 12326841 2 1 34
5 1.59076692564304 12326841 2 1 34
6 0.620457604306864 12326841 2 1 34
4 1.01639393825305 12326842 2 1 34
5 1.33428655755025 12326842 2 1 34
6 4.96366083445491 12326842 2 1 34
4 1.03808928104888 12326843 2 1 34
5 1.71547524888291 12326843 2 1 34
6 3.72274562584118 12326843 2 1 34
1 1.0590893486849 12326931 1 1 34
2 1.69685083561986 12326931 1 1 34
3 2.09193776520509 12326931 1 1 34
1 0.965090830879983 12326932 1 1 34
2 1.41961835869294 12326932 1 1 34
3 0.348656294200849 12326932 1 1 34
1 0.927210831167555 12326933 1 1 34
2 1.07294213020703 12326933 1 1 34
3 0.348656294200849 12326933 1 1 34
4 0.974778326162875 12326942 2 1 34
5 1.47303823209225 12326942 2 1 34
6 0 12326942 2 1 34
4 1.02803053120718 12326943 2 1 34
5 1.87524990441612 12326943 2 1 34
6 0.620457604306864 12326943 2 1 34
1 1.00570291634165 12427031 1 1 34
2 0.819761785981542 12427031 1 1 34
3 2.78925035360679 12427031 1 1 34
1 1.00813964146935 12427032 1 1 34
2 1.3894175604889 12427032 1 1 34
3 0 12427032 1 1 34
1 1.00297083059241 12427033 1 1 34
2 1.3894175604889 12427033 1 1 34
3 0 12427033 1 1 34
4 1.03545954252818 12427041 2 1 34
5 1.30619985494599 12427041 2 1 34
6 0 12427041 2 1 34
4 0.995553260476456 12427042 2 1 34
5 1.68881810898605 12427042 2 1 34
6 5.58411843876178 12427042 2 1 34
4 0.991608652695396 12427043 2 1 34
5 1.46042444349752 12427043 2 1 34
6 0 12427043 2 1 34
1 0.977643657295407 12427131 1 1 34
2 0.79263532052881 12427131 1 1 34
3 2.78925035360679 12427131 1 1 34
1 0.938508374941437 12427132 1 1 34
2 1.01272137690197 12427132 1 1 34
3 0.697312588401697 12427132 1 1 34
1 0.968265957561531 12427133 1 1 34
2 1.36229109503617 12427133 1 1 34
3 0.348656294200849 12427133 1 1 34
4 0.955252517646629 12427141 2 1 34
5 1.41972395229854 12427141 2 1 34
6 0 12427141 2 1 34
4 1.01856347253264 12427142 2 1 34
5 1.16467314691315 12427142 2 1 34
6 2.48183041722746 12427142 2 1 34
4 0.975632991182105 12427143 2 1 34
5 1.29081103286042 12427143 2 1 34
6 1.24091520861373 12427143 2 1 34
1 0.985766074387741 12427231 1 1 34
2 0.985594911449239 12427231 1 1 34
3 2.78925035360679 12427231 1 1 34
1 1.01921566477708 12427232 1 1 34
2 1.33516462958344 12427232 1 1 34
3 1.39462517680339 12427232 1 1 34
1 1.00127250701856 12427233 1 1 34
2 1.33227113993515 12427233 1 1 34
3 0.697312588401697 12427233 1 1 34
4 0.993843930437997 12427242 2 1 34
5 0.630689429736364 12427242 2 1 34
6 1.24091520861373 12427242 2 1 34
4 0.987664044914337 12427243 2 1 34
5 1.83597897592454 12427243 2 1 34
6 0.620457604306864 12427243 2 1 34
1 0.982295587084653 12527331 1 1 34
2 1.31418682963333 12527331 1 1 34
3 2.09193776520509 12527331 1 1 34
1 0.990418004176986 12527332 1 1 34
2 0.726446744824146 12527332 1 1 34
3 3.13790664780764 12527332 1 1 34
1 1.00695819898319 12527333 1 1 34
2 1.31111249688202 12527333 1 1 34
3 0.697312588401697 12527333 1 1 34
4 0.99515879969835 12527341 2 1 34
5 1.26558345567097 12527341 2 1 34
6 5.58411843876178 12527341 2 1 34
4 0.956764617296036 12527343 2 1 34
5 1.1394455697237 12527343 2 1 34
6 0 12527343 2 1 34
1 0.994110011946229 12527431 1 1 34
2 1.29302818658019 12527431 1 1 34
3 0 12527431 1 1 34
1 1.04313987512177 12527432 1 1 34
2 1.56736717385882 12527432 1 1 34
3 1.04596888260255 12527432 1 1 34
4 1.02559802307553 12527442 2 1 34
5 1.0006938951817 12527442 2 1 34
6 1.24091520861373 12527442 2 1 34
4 0.962944502819696 12527443 2 1 34
5 0.604032289839507 12527443 2 1 34
6 0 12527443 2 1 34
1 1.03007016761865 12527531 1 1 35
2 1.73916812172612 12527531 1 1 35
3 0.348656294200849 12527531 1 1 35
1 1.02859336451095 12527532 1 1 35
2 1.16951234721876 12527532 1 1 35
3 1.04596888260255 12527532 1 1 35
1 0.965829232433831 12527533 1 1 35
2 1.7270516338239 12527533 1 1 35
3 0 12527533 1 1 35
4 0.911007167035743 12527543 2 1 35
5 1.20108494998993 12527543 2 1 35
6 0 12527543 2 1 35
1 1.01286541141398 12627632 1 1 35
2 1.70299950112247 12627632 1 1 35
3 2.78925035360679 12627632 1 1 35
1 0.921008258115228 12627633 1 1 35
2 1.69992516837116 12627633 1 1 35
3 0.348656294200849 12627633 1 1 35
4 1.05958739345566 12627641 2 1 35
5 1.88365909681261 12627641 2 1 35
6 0 12627641 2 1 35
4 1.05892995882548 12627642 2 1 35
5 1.58513276673739 12627642 2 1 35
6 0 12627642 2 1 35
4 0.963141733208749 12627643 2 1 35
5 0.927786197104173 12627643 2 1 35
6 0.620457604306864 12627643 2 1 35
1 0.955270090213798 12627731 1 1 35
2 1.96811549014717 12627731 1 1 35
3 0.697312588401697 12627731 1 1 35
1 1.0034877116801 12627732 1 1 35
2 1.67587303566974 12627732 1 1 35
3 0 12627732 1 1 35
1 0.994848413500077 12627733 1 1 35
2 1.66972437016712 12627733 1 1 35
3 2.44059405940594 12627733 1 1 35
4 1.02973986124564 12627741 2 1 35
5 1.86827027472704 12627741 2 1 35
6 0 12627741 2 1 35
4 1.02888519622641 12627742 2 1 35
5 1.57251897814267 12627742 2 1 35
6 0.620457604306864 12627742 2 1 35
4 0.973463456902522 12627743 2 1 35
5 1.99995822765599 12627743 2 1 35
6 0 12627743 2 1 35
1 1.00178938810625 12627831 1 1 35
2 1.08505861810925 12627831 1 1 35
3 0.697312588401697 12627831 1 1 35
1 1.04432131760793 12627833 1 1 35
2 1.64259790471439 12627833 1 1 35
3 0 12627833 1 1 35
4 1.06701640477665 12627841 2 1 35
5 0.773645700476606 12627841 2 1 35
6 0 12627841 2 1 35
4 1.06024482808584 12627842 2 1 35
5 1.98877400176867 12627842 2 1 35
6 0 12627842 2 1 35
4 1.05321027754295 12627843 2 1 35
5 1.71404568617551 12627843 2 1 35
6 0 12627843 2 1 35
1 1.00917340364474 12727931 1 1 35
2 1.91096906959341 12727931 1 1 35
3 0.697312588401697 12727931 1 1 35
1 0.999574183444708 12727932 1 1 35
2 1.62451359441257 12727932 1 1 35
3 0 12727932 1 1 35
4 1.02494058844535 12727941 2 1 35
5 1.54729140095321 12727941 2 1 35
6 0 12727941 2 1 35
4 0.980235033593341 12727942 2 1 35
5 1.14928432482758 12727942 2 1 35
6 4.34320323014805 12727942 2 1 35
4 1.0359197467693 12727943 2 1 35
5 1.70008642679734 12727943 2 1 35
6 0 12727943 2 1 35
1 0.991451766352374 12728031 1 1 35
2 1.31111249688202 12728031 1 1 35
3 2.44059405940594 12728031 1 1 35
1 0.998835781890859 12728032 1 1 35
2 1.02773135445248 12728032 1 1 35
3 2.09193776520509 12728032 1 1 35
1 1.0293317660648 12728033 1 1 35
2 1.59141930656024 12728033 1 1 35
3 1.04596888260255 12728033 1 1 35
4 0.979117394722041 12728041 2 1 35
5 1.82899934623545 12728041 2 1 35
6 0 12728041 2 1 35
4 0.959854560057866 12728042 2 1 35
5 1.53324804965108 12728042 2 1 35
6 0 12728042 2 1 35
4 1.00456011490988 12728043 2 1 35
5 1.13381141081805 12728043 2 1 35
6 0 12728043 2 1 35
1 0.906018706572103 12728131 1 1 35
2 1.28398603142928 12728131 1 1 35
3 0 12728131 1 1 35
1 0.943160304730683 12728132 1 1 35
2 1.28091169867797 12728132 1 1 35
3 0.697312588401697 12728132 1 1 35
1 0.932601162510649 12728133 1 1 35
2 1.56429284110751 12728133 1 1 35
3 1.39462517680339 12728133 1 1 35
4 0.970570744529745 12728141 2 1 35
5 1.25296966707624 12728141 2 1 35
6 3.10228802153432 12728141 2 1 35
4 1.00521754954005 12728142 2 1 35
5 1.2501946335854 12728142 2 1 35
6 0 12728142 2 1 35
4 0.929809797458794 12728143 2 1 35
5 0.98808010658697 12728143 2 1 35
6 2.48183041722746 12728143 2 1 35
1 0.975206932167707 12828232 1 1 35
2 1.54620853080569 12828232 1 1 35
3 1.04596888260255 12828232 1 1 35
1 1.05591422200335 12828233 1 1 35
2 1.8234410077326 12828233 1 1 35
3 0.697312588401697 12828233 1 1 35
4 0.991871626547467 12828242 2 1 35
5 1.23892631577411 12828242 2 1 35
6 0 12828242 2 1 35
4 0.99713110358888 12828243 2 1 35
5 1.93688928468236 12828243 2 1 35
6 0 12828243 2 1 35
1 1.03376217538789 12828331 1 1 36
2 1.69088301322025 12828331 1 1 36
3 0.697312588401697 12828331 1 1 36
1 1.06499656111568 12828332 1 1 36
2 1.42866051384385 12828332 1 1 36
3 1.39462517680339 12828332 1 1 36
1 0.982590947706192 12828333 1 1 36
2 1.42269269144425 12828333 1 1 36
3 1.04596888260255 12828333 1 1 36
4 0.925667959288681 12828341 2 1 36
5 1.31183401385164 12828341 2 1 36
6 0.620457604306864 12828341 2 1 36
4 0.989899322656937 12828342 2 1 36
5 1.74213238877977 12828342 2 1 36
6 3.10228802153432 12828342 2 1 36
4 1.034802107898 12828343 2 1 36
5 1.60338071423777 12828343 2 1 36
6 0.620457604306864 12828343 2 1 36
4 0.996670899347756 12828441 2 1 36
5 1.43797189979891 12828441 2 1 36
6 2.48183041722746 12828441 2 1 36
1 0.970259641756922 12928631 1 1 36
2 1.39556622599152 12928631 1 1 36
3 0.697312588401697 12928631 1 1 36
1 0.98377239019235 12928632 1 1 36
2 1.6516400598653 12928632 1 1 36
3 2.09193776520509 12928632 1 1 36
1 0.996325216607774 12928633 1 1 36
2 1.38652407084061 12928633 1 1 36
3 1.04596888260255 12928633 1 1 36
4 1.05104074326336 12928641 2 1 36
5 1.16467314691315 12928641 2 1 36
6 2.48183041722746 12928641 2 1 36
4 1.04288855384917 12928642 2 1 36
5 0.909622341527766 12928642 2 1 36
6 3.10228802153432 12928642 2 1 36
4 0.992529061177644 12928643 2 1 36
5 0.773645700476606 12928643 2 1 36
6 5.58411843876178 12928643 2 1 36
1 0.980080382423107 12928731 1 1 36
2 1.37440758293839 12928731 1 1 36
3 1.39462517680339 12928731 1 1 36
1 1.04609348133716 12928732 1 1 36
2 1.36843976053879 12928732 1 1 36
3 0.348656294200849 12928732 1 1 36
1 0.950839680890707 12928733 1 1 36
2 0.786667498129209 12928733 1 1 36
3 1.04596888260255 12928733 1 1 36
4 0.992266087325573 12928743 2 1 36
5 1.02592147237115 12928743 2 1 36
6 0 12928743 2 1 36
1 1.0322853722802 13028831 1 1 36
2 1.34131329508606 13028831 1 1 36
3 0.348656294200849 13028831 1 1 36
1 1.01700046011553 13028832 1 1 36
2 1.33516462958344 13028832 1 1 36
3 2.44059405940594 13028832 1 1 36
1 1.0278549629571 13028833 1 1 36
2 1.33227113993515 13028833 1 1 36
3 1.39462517680339 13028833 1 1 36
4 0.951505140254623 13028841 2 1 36
5 0.494712788685204 13028841 2 1 36
6 1.86137281292059 13028841 2 1 36
4 1.00015530288769 13028842 2 1 36
5 1.40576469292037 13028842 2 1 36
6 0 13028842 2 1 36
4 0.922578016526851 13028843 2 1 36
5 1.13524097352545 13028843 2 1 36
6 1.86137281292059 13028843 2 1 36
1 0.974173169992319 13028932 1 1 36
2 1.55832501870791 13028932 1 1 36
3 0.697312588401697 13028932 1 1 36
1 1.03103008963865 13028933 1 1 36
2 0.714330256921926 13028933 1 1 36
3 1.74328147100424 13028933 1 1 36
4 0.962944502819696 13028941 2 1 36
5 0.733029301201584 13028941 2 1 36
6 0 13028941 2 1 36
4 0.939276856133337 13028942 2 1 36
5 1.68461351278781 13028942 2 1 36
6 0 13028942 2 1 36
4 0.99121419191729 13028943 2 1 36
5 0.864717254130537 13028943 2 1 36
6 2.48183041722746 13028943 2 1 36
1 0.957706815341498 13029031 1 1 36
2 0.979627089049638 13029031 1 1 36
3 0.348656294200849 13029031 1 1 36
1 1.01995406633093 13029032 1 1 36
2 1.52812422050387 13029032 1 1 36
3 1.04596888260255 13029032 1 1 36
1 0.906018706572103 13029033 1 1 36
2 1.26897605387877 13029033 1 1 36
3 0.697312588401697 13029033 1 1 36
4 1.00258781101935 13029041 2 1 36
5 1.24035587848151 13029041 2 1 36
6 1.86137281292059 13029041 2 1 36
4 1.01968111140394 13029042 2 1 36
5 0.981100476897887 13029042 2 1 36
6 1.86137281292059 13029042 2 1 36
4 0.901145647583093 13029043 2 1 36
5 0.850757994752372 13029043 2 1 36
6 3.10228802153432 13029043 2 1 36
1 0.986504475941589 13129131 1 2 65
2 1.33227113993515 13129131 1 2 65
3 1.04596888260255 13129131 1 2 65
1 1.00570291634165 13129132 1 2 65
2 1.32919680718384 13129132 1 2 65
3 1.74328147100424 13129132 1 2 65
1 0.985027672833892 13129133 1 2 65
2 1.93194686954353 13129133 1 2 65
3 0.697312588401697 13129133 1 2 65
4 0.930072771310865 13129141 2 2 65
5 0.780625330165688 13129141 2 2 65
6 0.620457604306864 13129141 2 2 65
4 0.966428906359632 13129142 2 2 65
5 1.18712569061177 13129142 2 2 65
6 2.48183041722746 13129142 2 2 65
4 1.005020319151 13129143 2 2 65
5 1.56410978574618 13129143 2 2 65
6 0.620457604306864 13129143 2 2 65
1 0.977865177761562 13129231 1 2 65
2 0.889205537540534 13129231 1 2 65
3 2.09193776520509 13129231 1 2 65
1 1.00695819898319 13129232 1 2 65
2 1.49792342229983 13129232 1 2 65
3 0 13129232 1 2 65
4 1.00127294175899 13129241 2 2 65
5 1.39870097130732 13129241 2 2 65
6 4.34320323014805 13129241 2 2 65
4 0.986809379895107 13129242 2 2 65
5 1.52206382376376 13129242 2 2 65
6 0 13129242 2 2 65
4 0.965311267488332 13129243 2 2 65
5 1.76029624435617 13129243 2 2 65
6 0 13129243 2 2 65
1 1.07238057665417 13129331 1 2 65
2 0.840920429034672 13129331 1 2 65
3 1.74328147100424 13129331 1 2 65
1 1.03354065492174 13129333 1 2 65
2 1.72397730107259 13129333 1 2 65
3 1.74328147100424 13129333 1 2 65
4 1.04775357011248 13129341 2 2 65
5 1.47017910667745 13129341 2 2 65
6 1.24091520861373 13129341 2 2 65
4 1.03677441178853 13129342 2 2 65
5 1.57529401163351 13129342 2 2 65
6 0 13129342 2 2 65
4 0.983522206744224 13129343 2 2 65
5 1.70984108997726 13129343 2 2 65
6 1.24091520861373 13129343 2 2 65
1 0.97373012906001 13229431 1 2 65
2 0.810719630830631 13229431 1 2 65
3 0 13229431 1 2 65
1 1.0317684911925 13229432 1 2 65
2 1.42269269144425 13229432 1 2 65
3 0 13229432 1 2 65
1 1.00991180519859 13229433 1 2 65
2 1.69685083561986 13229433 1 2 65
3 0 13229433 1 2 65
4 1.01290953471312 13229441 2 2 65
5 0.668530795520545 13229441 2 2 65
6 3.72274562584118 13229441 2 2 65
4 0.965771471729455 13229442 2 2 65
5 1.3272228359372 13229442 2 2 65
6 3.10228802153432 13229442 2 2 65
4 1.00738708381964 13229443 2 2 65
5 1.32587736515377 13229443 2 2 65
6 4.96366083445491 13229443 2 2 65
1 0.993888491480074 13229531 1 2 65
2 1.06100648540783 13229531 1 2 65
3 0 13229531 1 2 65
1 0.955270090213798 13229532 1 2 65
2 1.06100648540783 13229532 1 2 65
3 1.74328147100424 13229532 1 2 65
1 0.974173169992319 13229533 1 2 65
2 1.66068221501621 13229533 1 2 65
3 0.697312588401697 13229533 1 2 65
4 0.994238391216103 13229541 2 2 65
5 0.654487444218416 13229541 2 2 65
6 2.48183041722746 13229541 2 2 65
4 0.961826863948396 13229542 2 2 65
5 1.31326357655904 13229542 2 2 65
6 3.72274562584118 13229542 2 2 65
1 0.956008491767646 13229631 1 2 65
2 0.750498877525568 13229631 1 2 65
3 0 13229631 1 2 65
1 0.972696366884622 13229632 1 2 65
2 0.747424544774258 13229632 1 2 65
3 2.09193776520509 13229632 1 2 65
1 0.99366697101392 13229633 1 2 65
2 1.63663008231479 13229633 1 2 65
3 2.44059405940594 13229633 1 2 65
4 1.01264656086105 13229642 2 2 65
5 1.53190257886764 13229642 2 2 65
6 2.48183041722746 13229642 2 2 65
4 1.01922090716281 13229643 2 2 65
5 0.639098622132848 13229643 2 2 65
6 0 13229643 2 2 65
1 1.00444763370011 132731 1 1 26
2 0.654109503616862 132731 1 1 26
3 3.48656294200849 132731 1 1 26
1 1.01382533343398 132732 1 1 26
2 0.645067348465952 132732 1 1 26
3 3.48656294200849 132732 1 1 26
1 1.01530213654168 132733 1 1 26
2 0.970584933898728 132733 1 1 26
3 1.39462517680339 132733 1 1 26
4 1.03394744287877 132741 2 1 26
5 0.838144206157645 132741 2 1 26
6 0 132741 2 1 26
4 1.02711012272493 132742 2 1 26
5 1.19553488300825 132742 2 1 26
6 1.86137281292059 132742 2 1 26
4 1.02671566194683 132743 2 1 26
5 1.19553488300825 132743 2 1 26
6 6.20457604306864 132743 2 1 26
1 0.966789154453834 132831 1 1 26
2 0.958468445996508 132831 1 1 26
3 0 132831 1 1 26
1 0.996325216607774 132832 1 1 26
2 0.952500623596907 132832 1 1 26
3 0.697312588401697 132832 1 1 26
1 0.99854042126932 132833 1 1 26
2 0.949426290845597 132833 1 1 26
3 2.09193776520509 132833 1 1 26
4 0.99318649580782 132842 2 1 26
5 0.824100854855515 132842 2 1 26
6 0 132842 2 1 26
1 0.995365294587771 132931 1 1 26
2 0.506360688450985 132931 1 1 26
3 1.74328147100424 132931 1 1 26
1 0.980375743044647 132932 1 1 26
2 0.834952606635071 132932 1 1 26
3 0.348656294200849 132932 1 1 26
1 0.99093488526468 132933 1 1 26
2 0.828803941132452 132933 1 1 26
3 0 132933 1 1 26
4 1.01001682234034 132941 2 1 26
5 1.46883363589401 132941 2 1 26
6 0 132941 2 1 26
4 1.00653241880041 132942 2 1 26
5 1.26978805186921 132942 2 1 26
6 0.620457604306864 132942 2 1 26
4 0.971030948770868 132943 2 1 26
5 1.12405674763813 132943 2 1 26
6 0.620457604306864 132943 2 1 26
1 1.04062930983868 13329731 1 2 66
2 0.575623596906959 13329731 1 2 66
3 2.44059405940594 13329731 1 2 66
1 1.0268950409371 13329732 1 2 66
2 1.16643801446745 13329732 1 2 66
3 0 13329732 1 2 66
1 1.02438447565402 13329733 1 2 66
2 2.3269082065353 13329733 1 2 66
3 0 13329733 1 2 66
4 1.03217236937729 13329741 2 2 66
5 1.58790780022823 13329741 2 2 66
6 0 13329741 2 2 66
4 1.06044205847489 13329742 2 2 66
5 0.965627562888355 13329742 2 2 66
6 0 13329742 2 2 66
4 1.00830749230188 13329743 2 2 66
5 1.34824581692842 13329743 2 2 66
6 1.24091520861373 13329743 2 2 66
1 1.0064413178955 13329831 1 2 66
2 0.825910451484161 13329831 1 2 66
3 0 13329831 1 2 66
1 0.974690051080013 13329832 1 2 66
2 2.55892990770766 13329832 1 2 66
3 0.348656294200849 13329832 1 2 66
1 1.01729582073707 13329833 1 2 66
2 1.73609378897481 13329833 1 2 66
3 0.348656294200849 13329833 1 2 66
4 0.98108969861257 13329841 2 2 66
5 1.43654233709151 13329841 2 2 66
6 0 13329841 2 2 66
4 1.00521754954005 13329842 2 2 66
5 1.56831438194442 13329842 2 2 66
6 4.34320323014805 13329842 2 2 66
4 1.02494058844535 13329843 2 2 66
5 2.23827474017237 13329843 2 2 66
6 3.10228802153432 13329843 2 2 66
1 1.01308693188014 13329931 1 2 66
2 1.9892741332003 13329931 1 2 66
3 0 13329931 1 2 66
1 0.994405372567768 13329932 1 2 66
2 1.09717510601147 13329932 1 2 66
3 0 13329932 1 2 66
1 0.978382058849256 13329933 1 2 66
2 0.79263532052881 13329933 1 2 66
3 0.348656294200849 13329933 1 2 66
4 1.01488183860365 13329941 2 2 66
5 2.22986554777589 13329941 2 2 66
6 0 13329941 2 2 66
4 0.997525564366986 13329942 2 2 66
5 2.50593933415248 13329942 2 2 66
6 0.620457604306864 13329942 2 2 66
4 1.00107571136994 13329943 2 2 66
5 0.798873277666061 13329943 2 2 66
6 1.86137281292059 13329943 2 2 66
1 0.988941201069289 134210031 1 2 66
2 0.744531055125967 134210031 1 2 66
3 2.78925035360679 134210031 1 2 66
1 0.951282721823016 134210032 1 2 66
2 1.05485781990521 134210032 1 2 66
3 0.697312588401697 134210032 1 2 66
1 0.979120460403104 134210033 1 2 66
2 1.05196433025692 134210033 1 2 66
3 2.09193776520509 134210033 1 2 66
4 0.94427335932268 134210041 2 2 66
5 0.494712788685204 134210041 2 2 66
6 3.10228802153432 134210041 2 2 66
4 0.969058644880338 134210042 2 2 66
5 1.29224059556783 134210042 2 2 66
6 3.72274562584118 134210042 2 2 66
4 0.988584453396584 134210043 2 2 66
5 1.15903898800751 134210043 2 2 66
6 0.620457604306864 134210043 2 2 66
1 1.03280225336789 134210131 1 2 66
2 0.654109503616862 134210131 1 2 66
3 1.74328147100424 134210131 1 2 66
1 1.03619890051559 134210132 1 2 66
2 0.647960838114243 134210132 1 2 66
3 1.04596888260255 134210132 1 2 66
1 1.01951102539862 134210133 1 2 66
2 0.647960838114243 134210133 1 2 66
3 0.348656294200849 134210133 1 2 66
4 0.980695237834465 134210141 2 2 66
5 0.718985949899455 134210141 2 2 66
6 1.24091520861373 134210141 2 2 66
4 0.969518849121462 134210142 2 2 66
5 1.09739960774127 134210142 2 2 66
6 5.58411843876178 134210142 2 2 66
4 0.966626136748685 134210143 2 2 66
5 1.22774208988679 134210143 2 2 66
6 4.34320323014805 134210143 2 2 66
1 0.961620343576895 134210231 1 2 66
2 0.886131204789224 134210231 1 2 66
3 0 134210231 1 2 66
1 1.01087172721859 134210232 1 2 66
2 0.886131204789224 134210232 1 2 66
3 2.78925035360679 134210232 1 2 66
1 0.979341980869259 134210233 1 2 66
2 1.4738712895984 134210233 1 2 66
3 0.697312588401697 134210233 1 2 66
4 0.964653832858155 134210241 2 2 66
5 0.285912541480485 134210241 2 2 66
6 0.620457604306864 134210241 2 2 66
4 0.934214609480977 134210242 2 2 66
5 1.22076246019771 134210242 2 2 66
6 3.72274562584118 134210242 2 2 66
4 0.984837076004577 134210243 2 2 66
5 1.2193328974903 134210243 2 2 66
6 1.86137281292059 134210243 2 2 66
1 0.983550869726195 135210331 1 2 66
2 0.853036916936892 135210331 1 2 66
3 0 135210331 1 2 66
1 1.01604053809553 135210332 1 2 66
2 1.13931154901472 135210332 1 2 66
3 0.348656294200849 135210332 1 2 66
1 1.01013332566474 135210333 1 2 66
2 1.13334372661512 135210333 1 2 66
3 0 135210333 1 2 66
4 1.00587498417023 135210342 2 2 66
5 1.44074693328975 135210342 2 2 66
6 0.620457604306864 135210342 2 2 66
4 0.999300637868463 135210343 2 2 66
5 1.58370320402999 135210343 2 2 66
6 0 135210343 2 2 66
1 1.03797106424483 135210431 1 2 66
2 0.81686829633325 135210431 1 2 66
3 0 135210431 1 2 66
1 1.04018626890638 135210432 1 2 66
2 0.81686829633325 135210432 1 2 66
3 3.13790664780764 135210432 1 2 66
1 1.04062930983868 135210433 1 2 66
2 1.10621726116238 135210433 1 2 66
3 1.74328147100424 135210433 1 2 66
4 1.00193037638917 135210441 2 2 66
5 0.672735391718788 135210441 2 2 66
6 0 135210441 2 2 66
4 1.03217236937729 135210442 2 2 66
5 0.671305829011385 135210442 2 2 66
6 0 135210442 2 2 66
4 1.03565677291723 135210443 2 2 66
5 1.18292109441352 135210443 2 2 66
6 0 135210443 2 2 66
1 1.0054813958755 135210531 1 2 67
2 1.08198428535794 135210531 1 2 67
3 2.09193776520509 135210531 1 2 67
1 1.01581901762937 135210532 1 2 67
2 1.66375654776752 135210532 1 2 67
3 1.39462517680339 135210532 1 2 67
1 1.0298486471525 135210533 1 2 67
2 1.93194686954353 135210533 1 2 67
3 0 135210533 1 2 67
4 1.01573650362288 135210541 2 2 67
5 1.83740853863194 135210541 2 2 67
6 0.620457604306864 135210541 2 2 67
4 1.03545954252818 135210542 2 2 67
5 1.16887774311139 135210542 2 2 67
6 1.24091520861373 135210542 2 2 67
4 1.01376419973235 135210543 2 2 67
5 1.16610270962055 135210543 2 2 67
6 0 135210543 2 2 67
1 0.980818783976956 136210631 1 2 67
2 1.57930281865802 136210631 1 2 67
3 1.39462517680339 136210631 1 2 67
1 0.98849816013698 136210633 1 2 67
2 1.35324893988526 136210633 1 2 67
3 2.44059405940594 136210633 1 2 67
4 0.975830221571158 136210641 2 2 67
5 1.39449637510908 136210641 2 2 67
6 1.86137281292059 136210641 2 2 67
4 0.99095121806522 136210642 2 2 67
5 0.493367317901766 136210642 2 2 67
6 0 136210642 2 2 67
4 0.971030948770868 136210643 2 2 67
5 1.82756978352805 136210643 2 2 67
6 0.620457604306864 136210643 2 2 67
1 1.01087172721859 136210731 1 2 67
2 1.32919680718384 136210731 1 2 67
3 1.74328147100424 136210731 1 2 67
1 0.925438667438319 136210732 1 2 67
2 0.708362434522325 136210732 1 2 67
3 0.697312588401697 136210732 1 2 67
1 0.970998043310771 136210733 1 2 67
2 0.690278124220504 136210733 1 2 67
3 0.348656294200849 136210733 1 2 67
4 1.00896492693206 136210741 2 2 67
5 1.92007089988939 136210741 2 2 67
6 2.48183041722746 136210741 2 2 67
4 0.98108969861257 136210742 2 2 67
5 1.24313091197236 136210742 2 2 67
6 0.620457604306864 136210742 2 2 67
4 0.94144639041292 136210743 2 2 67
5 0.620850674632476 136210743 2 2 67
6 0 136210743 2 2 67
1 0.968265957561531 136210831 1 2 67
2 0.687203791469194 136210831 1 2 67
3 0 136210831 1 2 67
1 1.0064413178955 136210832 1 2 67
2 0.527519331504116 136210832 1 2 67
3 0 136210832 1 2 67
1 0.983033988638501 136210833 1 2 67
2 0.979627089049638 136210833 1 2 67
3 0 136210833 1 2 67
4 0.98615194526493 136210841 2 2 67
5 0.611096011452554 136210841 2 2 67
6 0 136210841 2 2 67
4 1.00587498417023 136210842 2 2 67
5 0.877331042725264 136210842 2 2 67
6 3.10228802153432 136210842 2 2 67
1 1.02098782850631 137210931 1 2 67
2 0.958468445996508 137210931 1 2 67
3 0 137210931 1 2 67
1 1.00865652255704 137210932 1 2 67
2 0.641993015714642 137210932 1 2 67
3 0 137210932 1 2 67
1 1.00223242903856 137210933 1 2 67
2 1.20260663507109 137210933 1 2 67
3 0 137210933 1 2 67
4 0.958539690797512 137210941 2 2 67
5 1.11699302602508 137210941 2 2 67
6 1.24091520861373 137210941 2 2 67
4 1.02053577642317 137210942 2 2 67
5 1.11421799253424 137210942 2 2 67
6 1.86137281292059 137210942 2 2 67
4 1.02691289233588 137210943 2 2 67
5 1.34404122073017 137210943 2 2 67
6 1.24091520861373 137210943 2 2 67
1 1.04336139558792 137211031 1 2 67
2 1.45886131204789 137211031 1 2 67
3 0 137211031 1 2 67
1 1.02394143472171 137211032 1 2 67
2 0.864972561736094 137211032 1 2 67
3 1.39462517680339 137211032 1 2 67
1 1.01065020675244 137211033 1 2 67
2 0.862079072087802 137211033 1 2 67
3 0 137211033 1 2 67
4 1.00738708381964 137211041 2 2 67
5 0.683919617606113 137211041 2 2 67
6 0 137211041 2 2 67
4 1.02099598066429 137211042 2 2 67
5 0.682574146822675 137211042 2 2 67
6 1.24091520861373 137211042 2 2 67
4 1.00081273751787 137211043 2 2 67
5 0.406416268522113 137211043 2 2 67
6 0 137211043 2 2 67
1 1.02955328653096 137211131 1 2 67
2 0.837846096283362 137211131 1 2 67
3 0 137211131 1 2 67
1 0.992411688372377 137211132 1 2 67
2 0.831878273883761 137211132 1 2 67
3 2.44059405940594 137211132 1 2 67
1 0.995882175675465 137211133 1 2 67
2 0.828803941132452 137211133 1 2 67
3 0 137211133 1 2 67
4 0.953740417997223 137211141 2 2 67
5 1.06233327544793 137211141 2 2 67
6 0 137211141 2 2 67
4 1.00962236156224 137211142 2 2 67
5 1.43376730360067 137211142 2 2 67
6 1.86137281292059 137211142 2 2 67
4 0.967546545230932 137211143 2 2 67
5 1.05678320846625 137211143 2 2 67
6 0.620457604306864 137211143 2 2 67
1 1.02490135674171 138211231 1 2 67
2 0.81686829633325 138211231 1 2 67
3 0 138211231 1 2 67
1 0.989236561690829 138211232 1 2 67
2 0.810719630830631 138211232 1 2 67
3 0.697312588401697 138211232 1 2 67
1 1.0254182378294 138211233 1 2 67
2 0.80475180843103 138211233 1 2 67
3 0 138211233 1 2 67
4 1.01093723082259 138211241 2 2 67
5 0.528349558271143 138211241 2 2 67
6 0.620457604306864 138211241 2 2 67
1 0.952538004464559 138211331 1 2 68
2 0.7835931653779 138211331 1 2 68
3 0 138211331 1 2 68
1 1.0278549629571 138211332 1 2 68
2 1.0458156647543 138211332 1 2 68
3 3.48656294200849 138211332 1 2 68
1 1.00297083059241 138211333 1 2 68
2 1.04292217510601 138211333 1 2 68
3 2.44059405940594 138211333 1 2 68
4 0.996670899347756 138211341 2 2 68
5 0.504551543789091 138211341 2 2 68
6 0 138211341 2 2 68
4 1.04249409307107 138211342 2 2 68
5 0.368574902737931 138211342 2 2 68
6 0 138211342 2 2 68
4 0.909034863145213 138211343 2 2 68
5 0.367229431954493 138211343 2 2 68
6 1.24091520861373 138211343 2 2 68
1 0.970481162223077 138211431 1 2 68
2 0.741456722374657 138211431 1 2 68
3 2.78925035360679 138211431 1 2 68
1 1.00843500209089 138211432 1 2 68
2 0.735488899975056 138211432 1 2 68
3 0 138211432 1 2 68
1 0.973213247972316 138211433 1 2 68
2 1.30514467448241 138211433 1 2 68
3 0 138211433 1 2 68
4 1.01113446121164 138211443 2 2 68
5 1.38053711573092 138211443 2 2 68
6 1.24091520861373 138211443 2 2 68
1 0.95940513891535 139211631 1 2 68
2 1.28398603142928 139211631 1 2 68
3 0 139211631 1 2 68
1 0.990196483710832 139211632 1 2 68
2 0.777625342978299 139211632 1 2 68
3 0 139211632 1 2 68
1 0.983550869726195 139211633 1 2 68
2 0.702213769019706 139211633 1 2 68
3 0 139211633 1 2 68
4 0.993383726196873 139211641 2 2 68
5 0.997918861690857 139211641 2 2 68
6 0.620457604306864 139211641 2 2 68
4 1.03217236937729 139211642 2 2 68
5 0.469485211495749 139211642 2 2 68
6 0 139211642 2 2 68
4 0.948678171344863 139211643 2 2 68
5 0.85210346553581 139211643 2 2 68
6 0 139211643 2 2 68
1 0.941461981156831 139211731 1 2 68
2 0.678161636318284 139211731 1 2 68
3 0.697312588401697 139211731 1 2 68
1 0.943455665352222 139211732 1 2 68
2 0.961542778747817 139211732 1 2 68
3 2.78925035360679 139211732 1 2 68
1 0.961620343576895 139211733 1 2 68
2 0.958468445996508 139211733 1 2 68
3 0.348656294200849 139211733 1 2 68
4 1.00475734529893 139211741 2 2 68
5 1.64963127241843 139211741 2 2 68
6 0 139211741 2 2 68
4 1.00436288452082 139211742 2 2 68
5 1.08201078565571 139211742 2 2 68
6 0 139211742 2 2 68
4 1.00041827673976 139211743 2 2 68
5 1.0791516602409 139211743 2 2 68
6 0 139211743 2 2 68
1 1.04904708755256 140211831 1 2 68
2 1.76629458717885 140211831 1 2 68
3 0 140211831 1 2 68
1 1.06278135645414 140211832 1 2 68
2 1.22069094537291 140211832 1 2 68
3 0 140211832 1 2 68
1 1.0551758204495 140211833 1 2 68
2 1.21472312297331 140211833 1 2 68
3 0.348656294200849 140211833 1 2 68
4 1.05104074326336 140211841 2 2 68
5 0.969832159086597 140211841 2 2 68
6 0.620457604306864 140211841 2 2 68
4 1.06155969734619 140211842 2 2 68
5 1.06796743435358 140211842 2 2 68
6 0 140211842 2 2 68
4 1.03723461602965 140211843 2 2 68
5 1.33706159104109 140211843 2 2 68
6 0 140211843 2 2 68
1 1.07267593727571 140211931 1 2 68
2 0.846888251434273 140211931 1 2 68
3 3.48656294200849 140211931 1 2 68
1 1.07658946551111 140211932 1 2 68
2 1.2056809678224 140211932 1 2 68
3 0 140211932 1 2 68
1 1.04535507978331 140211933 1 2 68
2 1.20260663507109 140211933 1 2 68
3 1.74328147100424 140211933 1 2 68
4 1.08851451718343 140211941 2 2 68
5 0.563415890564485 140211941 2 2 68
6 5.58411843876178 140211941 2 2 68
4 1.03151493474712 140211942 2 2 68
5 0.524144962072901 140211942 2 2 68
6 0.620457604306864 140211942 2 2 68
4 1.04795080050153 140211943 2 2 68
5 0.915172408509446 140211943 2 2 68
6 4.34320323014805 140211943 2 2 68
1 1.03870946579868 140212031 1 2 68
2 1.64259790471439 140212031 1 2 68
3 0 140212031 1 2 68
1 1.03944786735253 140212032 1 2 68
2 0.810719630830631 140212032 1 2 68
3 2.09193776520509 140212032 1 2 68
1 1.08840389037268 140212033 1 2 68
2 1.36229109503617 140212033 1 2 68
3 0 140212033 1 2 68
4 1.0444663969616 140212041 2 2 68
5 0.912397375018606 140212041 2 2 68
6 4.34320323014805 140212041 2 2 68
4 1.06392646201482 140212042 2 2 68
5 1.00910308757818 140212042 2 2 68
6 4.96366083445491 140212042 2 2 68
4 1.06372923162577 140212043 2 2 68
5 0.906763216112961 140212043 2 2 68
6 0.620457604306864 140212043 2 2 68
1 0.984658472056968 141212131 1 3 91
2 0.910183337490646 141212131 1 3 91
3 2.78925035360679 141212131 1 3 91
1 0.977643657295407 141212132 1 3 91
2 1.51311424295336 141212132 1 3 91
3 2.09193776520509 141212132 1 3 91
1 0.990565684487756 141212133 1 3 91
2 1.17855450236967 141212133 1 3 91
3 0 141212133 1 3 91
4 0.978591447017899 141212141 2 3 91
5 0.839489676941082 141212141 2 3 91
6 0 141212141 2 3 91
4 0.956567386906983 141212142 2 3 91
5 0.836714643450242 141212142 2 3 91
6 1.24091520861373 141212142 2 3 91
4 1.00620370148532 141212143 2 3 91
5 1.33563202833369 141212143 2 3 91
6 1.24091520861373 141212143 2 3 91
1 1.06625184375723 141212231 1 3 92
2 0.849962584185582 141212231 1 3 92
3 0 141212231 1 3 92
1 1.05296061578795 141212232 1 3 92
2 0.846888251434273 141212232 1 3 92
3 0 141212232 1 3 92
1 1.07695866628803 141212233 1 3 92
2 0.840920429034672 141212233 1 3 92
3 3.48656294200849 141212233 1 3 92
4 1.07556305496895 141212241 2 3 92
5 0.524144962072901 141212241 2 3 92
6 0.620457604306864 141212241 2 3 92
4 1.05748360263909 141212242 2 3 92
5 1.12540221842157 141212242 2 3 92
6 4.96366083445491 141212242 2 3 92
4 1.08706816099704 141212243 2 3 92
5 1.25717426327448 141212243 2 3 92
6 1.86137281292059 141212243 2 3 92
1 0.989088881380059 141212331 1 3 92
2 1.07601646295834 141212331 1 3 92
3 0 141212331 1 3 92
1 1.01050252644167 141212332 1 3 92
2 0.819761785981542 141212332 1 3 92
3 0 141212332 1 3 92
1 1.00570291634165 141212333 1 3 92
2 0.813793963581941 141212333 1 3 92
3 0.348656294200849 141212333 1 3 92
4 0.99404116082705 141212341 2 3 92
5 1.38474171192916 141212341 2 3 92
6 0 141212341 2 3 92
4 1.02231084992464 141212342 2 3 92
5 1.50667500167819 141212342 2 3 92
6 3.72274562584118 141212342 2 3 92
4 0.996342182032668 141212343 2 3 92
5 1.24313091197236 141212343 2 3 92
6 1.24091520861373 141212343 2 3 92
1 1.02120934897247 1421031 1 1 26
2 1.31418682963333 1421031 1 1 26
3 0.348656294200849 1421031 1 1 26
1 0.955491610679953 1421032 1 1 26
2 0.80475180843103 1421032 1 1 26
3 0 1421032 1 1 26
1 0.999278822823168 1421033 1 1 26
2 0.798783986031429 1421033 1 1 26
3 0.348656294200849 1421033 1 1 26
4 1.04992310439206 1421041 2 1 26
5 0.616646078434234 1421041 2 1 26
6 1.24091520861373 1421041 2 1 26
4 1.00896492693206 1421042 2 1 26
5 0.379843220549221 1421042 2 1 26
6 0 1421042 2 1 26
1 1.03723266269098 1421131 1 1 27
2 1.27494387627837 1421131 1 1 27
3 3.48656294200849 1421131 1 1 27
1 1.0278549629571 1421132 1 1 27
2 0.774551010226989 1421132 1 1 27
3 1.74328147100424 1421132 1 1 27
1 1.01360381296783 1421133 1 1 27
2 0.768583187827388 1421133 1 1 27
3 3.48656294200849 1421133 1 1 27
4 1.04052178918054 1421141 2 1 27
5 0.368574902737931 1421141 2 1 27
6 0.620457604306864 1421141 2 1 27
4 1.02888519622641 1421143 2 1 27
5 0.853533028243212 1421143 2 1 27
6 0 1421143 2 1 27
1 1.01626205856168 1421231 1 1 27
2 0.41901346969319 1421231 1 1 27
3 3.48656294200849 1421231 1 1 27
1 0.998835781890859 1421232 1 1 27
2 0.741456722374657 1421232 1 1 27
3 0 1421232 1 1 27
1 0.979341980869259 1421233 1 1 27
2 0.735488899975056 1421233 1 1 27
3 3.48656294200849 1421233 1 1 27
4 1.0262554577057 1421241 2 1 27
5 0.969832159086597 1421241 2 1 27
6 1.24091520861373 1421241 2 1 27
4 1.02842499198529 1421242 2 1 27
5 0.583009308848294 1421242 2 1 27
6 0.620457604306864 1421242 2 1 27
4 0.99206885693652 1421243 2 1 27
5 0.965627562888355 1421243 2 1 27
6 0 1421243 2 1 27
1 0.994996093810847 142212431 1 3 92
2 0.79570965328012 142212431 1 3 92
3 0 142212431 1 3 92
1 1.00311851090318 142212432 1 3 92
2 0.789741830880519 142212432 1 3 92
3 1.74328147100424 142212432 1 3 92
1 0.999057302357014 142212433 1 3 92
2 1.03677350960339 142212433 1 3 92
3 1.39462517680339 142212433 1 3 92
4 1.03743184641871 142212442 2 3 92
5 0.374209061643576 142212442 2 3 92
6 0 142212442 2 3 92
4 0.977276577757546 142212443 2 3 92
5 0.81569166245903 142212443 2 3 92
6 3.10228802153432 142212443 2 3 92
1 0.960291220779968 142212531 1 3 92
2 0.765508855076079 142212531 1 3 92
3 0.348656294200849 142212531 1 3 92
1 0.991673286818529 142212532 1 3 92
2 0.759541032676478 142212532 1 3 92
3 2.44059405940594 142212532 1 3 92
1 0.974690051080013 142212533 1 3 92
2 0.756466699925168 142212533 1 3 92
3 2.78925035360679 142212533 1 3 92
4 0.94736330208451 142212541 2 3 92
5 0.361595273048848 142212541 2 3 92
6 0 142212541 2 3 92
4 1.0206672633492 142212542 2 3 92
5 0.803077873864303 142212542 2 3 92
6 4.96366083445491 142212542 2 3 92
4 0.982864772114047 142212543 2 3 92
5 0.475119370401394 142212543 2 3 92
6 2.48183041722746 142212543 2 3 92
1 1.02379375441094 142212631 1 3 92
2 0.970584933898728 142212631 1 3 92
3 2.44059405940594 142212631 1 3 92
1 1.02527055751864 142212632 1 3 92
2 0.711255924170616 142212632 1 3 92
3 1.04596888260255 142212632 1 3 92
1 0.968782838649225 142212633 1 3 92
2 0.708362434522325 142212633 1 3 92
3 0 142212633 1 3 92
4 0.97070223145578 142212641 2 3 92
5 0.466710178004909 142212641 2 3 92
6 0 142212641 2 3 92
4 1.02724160965097 142212642 2 3 92
5 1.33285699484285 142212642 2 3 92
6 0 142212642 2 3 92
4 1.04663593124118 142212643 2 3 92
5 0.779279859382251 142212643 2 3 92
6 2.48183041722746 142212643 2 3 92
1 0.996472896918544 143212731 1 3 92
2 0.943458468445996 143212731 1 3 92
3 0 143212731 1 3 92
1 1.0049645147878 143212732 1 3 92
2 0.940384135694687 143212732 1 3 92
3 1.39462517680339 143212732 1 3 92
1 0.987242877495438 143212733 1 3 92
2 1.2989960089798 143212733 1 3 92
3 0.348656294200849 143212733 1 3 92
4 0.999300637868463 143212741 2 3 92
5 1.32167276895552 143212741 2 3 92
6 1.24091520861373 143212741 2 3 92
4 0.983193489429136 143212742 2 3 92
5 0.325183469972069 143212742 2 3 92
6 3.10228802153432 143212742 2 3 92
4 0.942103825043097 143212743 2 3 92
5 1.44217649599715 143212743 2 3 92
6 1.24091520861373 143212743 2 3 92
1 0.984289271280044 143212831 1 3 92
2 1.28398603142928 143212831 1 3 92
3 1.74328147100424 143212831 1 3 92
1 0.915987127549058 143212832 1 3 92
2 1.27801820902968 143212832 1 3 92
3 0 143212832 1 3 92
1 1.00090330624163 143212833 1 3 92
2 0.907289847842355 143212833 1 3 92
3 0 143212833 1 3 92
4 0.95130790986557 143212841 2 3 92
5 1.3090589803608 143212841 2 3 92
6 3.10228802153432 143212841 2 3 92
4 0.974975556551928 143212842 2 3 92
5 1.03710569825848 143212842 2 3 92
6 1.86137281292059 143212842 2 3 92
4 0.973660687291575 143212843 2 3 92
5 1.74911201846885 143212843 2 3 92
6 0 143212843 2 3 92
1 0.95179960291071 143212931 1 3 92
2 0.636025193315041 143212931 1 3 92
3 1.39462517680339 143212931 1 3 92
1 0.970628842533847 143212932 1 3 92
2 0.886131204789224 143212932 1 3 92
3 1.39462517680339 143212932 1 3 92
1 0.999426503133938 143212933 1 3 92
2 0.880163382389623 143212933 1 3 92
3 1.74328147100424 143212933 1 3 92
4 0.973660687291575 143212942 2 3 92
5 0.744213527088909 143212942 2 3 92
6 0 143212942 2 3 92
4 0.908903376219178 143212943 2 3 92
5 0.414825460918598 143212943 2 3 92
6 1.24091520861373 143212943 2 3 92
1 1.02822416373403 144213031 1 3 93
2 1.14527937141432 144213031 1 3 93
3 0 144213031 1 3 93
1 1.01936334508785 144213032 1 3 93
2 1.46175480169618 144213032 1 3 93
3 0.348656294200849 144213032 1 3 93
1 1.00090330624163 144213033 1 3 93
2 0.762615365427787 144213033 1 3 93
3 0.697312588401697 144213033 1 3 93
4 1.03578825984327 144213041 2 3 93
5 0.965627562888355 144213041 2 3 93
6 1.86137281292059 144213041 2 3 93
4 1.00686113611549 144213042 2 3 93
5 0.825530417562918 144213042 2 3 93
6 1.86137281292059 144213042 2 3 93
4 1.01442163436252 144213043 2 3 93
5 1.23194668608503 144213043 2 3 93
6 0 144213043 2 3 93
1 0.974690051080013 144213131 1 3 93
2 1.11525941631329 144213131 1 3 93
3 0 144213131 1 3 93
1 0.933339564064498 144213132 1 3 93
2 1.11218508356199 144213132 1 3 93
3 1.39462517680339 144213132 1 3 93
1 1.00311851090318 144213133 1 3 93
2 0.732414567223747 144213133 1 3 93
3 0.697312588401697 144213133 1 3 93
4 0.983193489429136 144213141 2 3 93
5 0.527004087487705 144213141 2 3 93
6 0 144213141 2 3 93
4 0.99009655304599 144213142 2 3 93
5 0.67416495442619 144213142 2 3 93
6 0 144213142 2 3 93
4 1.02888519622641 144213143 2 3 93
5 1.6635905317966 144213143 2 3 93
6 1.24091520861373 144213143 2 3 93
1 1.04483819869562 144213231 1 3 93
2 0.678161636318284 144213231 1 3 93
3 0.348656294200849 144213231 1 3 93
1 1.00570291634165 144213232 1 3 93
2 0.675087303566974 144213232 1 3 93
3 0 144213232 1 3 93
1 1.00754892022627 144213233 1 3 93
2 0.669119481167373 144213233 1 3 93
3 0 144213233 1 3 93
4 0.989439118415813 144213241 2 3 93
5 0.803077873864303 144213241 2 3 93
6 0 144213241 2 3 93
4 1.02000982871903 144213242 2 3 93
5 0.493367317901766 144213242 2 3 93
6 1.24091520861373 144213242 2 3 93
1 0.996472896918544 145213331 1 3 93
2 0.651035170865553 145213331 1 3 93
3 0.348656294200849 145213331 1 3 93
1 1.00385691245703 145213332 1 3 93
2 1.01868919930157 145213332 1 3 93
3 0 145213332 1 3 93
1 0.99093488526468 145213333 1 3 93
2 0.641993015714642 145213333 1 3 93
3 0 145213333 1 3 93
4 1.03743184641871 145213341 2 3 93
5 0.483528562797879 145213341 2 3 93
6 0.620457604306864 145213341 2 3 93
4 0.985494510634754 145213342 2 3 93
5 0.306935522471697 145213342 2 3 93
6 0 145213342 2 3 93
4 0.993712443511962 145213343 2 3 93
5 0.479323966599636 145213343 2 3 93
6 0.620457604306864 145213343 2 3 93
1 0.98133566506465 145213431 1 3 93
2 0.979627089049638 145213431 1 3 93
3 0.348656294200849 145213431 1 3 93
1 1.01677893964938 145213432 1 3 93
2 0.973478423547019 145213432 1 3 93
3 0 145213432 1 3 93
1 1.02859336451095 145213433 1 3 93
2 0.970584933898728 145213433 1 3 93
3 0 145213433 1 3 93
4 1.00456011490988 145213441 2 3 93
5 0.619505203849039 145213441 2 3 93
6 0 145213441 2 3 93
4 0.982536054798959 145213443 2 3 93
5 0.613871044943394 145213443 2 3 93
6 1.86137281292059 145213443 2 3 93
1 0.96915203942615 145213531 1 3 93
2 0.301465452731354 145213531 1 3 93
3 0.348656294200849 145213531 1 3 93
1 1.02637815984941 145213532 1 3 93
2 0.295316787228735 145213532 1 3 93
3 0.697312588401697 145213532 1 3 93
1 0.983181668949271 145213533 1 3 93
2 0.292423297580444 145213533 1 3 93
3 1.39462517680339 145213533 1 3 93
4 1.023625719185 145213541 2 3 93
5 0.445687197013697 145213541 2 3 93
6 0 145213541 2 3 93
4 1.02033854603411 145213543 2 3 93
5 0.587213905046537 145213543 2 3 93
6 1.24091520861373 145213543 2 3 93
1 0.963244826995362 146213631 1 3 93
2 1.22665876777251 146213631 1 3 93
3 0 146213631 1 3 93
1 0.969890440979998 146213632 1 3 93
2 0.524444998752806 146213632 1 3 93
3 2.09193776520509 146213632 1 3 93
1 1.00607211711857 146213633 1 3 93
2 0.898247692691444 146213633 1 3 93
3 0.348656294200849 146213633 1 3 93
4 0.969058644880338 146213641 2 3 93
5 1.37069836062703 146213641 2 3 93
6 1.24091520861373 146213641 2 3 93
4 0.967415058304897 146213642 2 3 93
5 0.71335179099381 146213642 2 3 93
6 4.96366083445491 146213642 2 3 93
4 1.01475035167761 146213643 2 3 93
5 0.84932843204497 146213643 2 3 93
6 0 146213643 2 3 93
1 0.985766074387741 146213731 1 3 93
2 1.19356447992018 146213731 1 3 93
3 0.348656294200849 146213731 1 3 93
1 1.02637815984941 146213732 1 3 93
2 0.494244200548765 146213732 1 3 93
3 0.697312588401697 146213732 1 3 93
1 1.0322853722802 146213733 1 3 93
2 1.18759665752058 146213733 1 3 93
3 1.39462517680339 146213733 1 3 93
4 0.997657051293021 146213741 2 3 93
5 0.702167565106485 146213741 2 3 93
6 1.86137281292059 146213741 2 3 93
4 1.0262554577057 146213742 2 3 93
5 0.559211294366242 146213742 2 3 93
6 0.620457604306864 146213742 2 3 93
4 1.02559802307553 146213743 2 3 93
5 0.83528508074284 146213743 2 3 93
6 0 146213743 2 3 93
1 0.963244826995362 146213831 1 3 94
2 0.837846096283362 146213831 1 3 94
3 1.39462517680339 146213831 1 3 94
1 0.979489661180029 146213832 1 3 94
2 1.15142803691694 146213832 1 3 94
3 0 146213832 1 3 94
1 1.00201090857241 146213833 1 3 94
2 0.825910451484161 146213833 1 3 94
3 0 146213833 1 3 94
4 0.908245941589001 146213841 2 3 94
5 0.39666160534219 146213841 2 3 94
6 0 146213841 2 3 94
4 0.972345818031221 146213842 2 3 94
5 1.21092370509382 146213842 2 3 94
6 0.620457604306864 146213842 2 3 94
4 0.963470450523837 146213843 2 3 94
5 0.54096334686587 146213843 2 3 94
6 0 146213843 2 3 94
1 0.971367244087695 147213931 1 3 94
2 0.79263532052881 147213931 1 3 94
3 0 147213931 1 3 94
1 0.953645606795331 147213932 1 3 94
2 1.10911075081068 147213932 1 3 94
3 3.48656294200849 147213932 1 3 94
1 0.979120460403104 147213933 1 3 94
2 0.786667498129209 147213933 1 3 94
3 0 147213933 1 3 94
4 0.99009655304599 147213941 2 3 94
5 1.50945003516903 147213941 2 3 94
6 0.620457604306864 147213941 2 3 94
4 0.969387362195427 147213942 2 3 94
5 0.927786197104173 147213942 2 3 94
6 0 147213942 2 3 94
4 1.02691289233588 147213943 2 3 94
5 0.926440726320736 147213943 2 3 94
6 1.24091520861373 147213943 2 3 94
1 0.964721630103059 147214031 1 3 94
2 1.38037540533799 147214031 1 3 94
3 0 147214031 1 3 94
1 0.977643657295407 147214032 1 3 94
2 0.759541032676478 147214032 1 3 94
3 0 147214032 1 3 94
1 1.0049645147878 147214033 1 3 94
2 0.756466699925168 147214033 1 3 94
3 0 147214033 1 3 94
4 0.994698595457226 147214041 2 3 94
5 0.647507814529333 147214041 2 3 94
6 0 147214041 2 3 94
4 1.00061550712882 147214042 2 3 94
5 0.646078251821931 147214042 2 3 94
6 0.620457604306864 147214042 2 3 94
4 0.966428906359632 147214043 2 3 94
5 0.910967812311204 147214043 2 3 94
6 0 147214043 2 3 94
1 1.03450057694174 147214131 1 3 94
2 0.620834372661512 147214131 1 3 94
3 0 147214131 1 3 94
1 0.997211298472393 147214132 1 3 94
2 0.61794088301322 147214132 1 3 94
3 0 147214132 1 3 94
1 0.991673286818529 147214133 1 3 94
2 0.611792217510601 147214133 1 3 94
3 1.04596888260255 147214133 1 3 94
4 0.969716079510515 147214141 2 3 94
5 1.110013396336 147214141 2 3 94
6 0 147214141 2 3 94
4 0.957882256167336 147214142 2 3 94
5 0.440053038108052 147214142 2 3 94
6 3.10228802153432 147214142 2 3 94
4 0.971359666085956 147214143 2 3 94
5 0.577459241866614 147214143 2 3 94
6 0 147214143 2 3 94
1 0.993150089926226 148214231 1 3 94
2 0.907289847842355 148214231 1 3 94
3 0 148214231 1 3 94
1 1.05074541112641 148214232 1 3 94
2 0.904215515091045 148214232 1 3 94
3 1.74328147100424 148214232 1 3 94
1 1.02859336451095 148214233 1 3 94
2 0.901141182339736 148214233 1 3 94
3 0 148214233 1 3 94
4 1.02428315381517 148214241 2 3 94
5 0.702167565106485 148214241 2 3 94
6 1.24091520861373 148214241 2 3 94
4 0.988781683785637 148214242 2 3 94
5 0.700738002399082 148214242 2 3 94
6 0 148214242 2 3 94
4 0.963799167838925 148214243 2 3 94
5 0.563415890564485 148214243 2 3 94
6 1.24091520861373 148214243 2 3 94
1 0.960291220779968 148214331 1 3 94
2 0.563687952107757 148214331 1 3 94
3 0 148214331 1 3 94
1 0.992411688372377 148214332 1 3 94
2 0.560613619356448 148214332 1 3 94
3 0 148214332 1 3 94
1 0.99610369614162 148214333 1 3 94
2 0.557539286605138 148214333 1 3 94
3 2.78925035360679 148214333 1 3 94
4 1.0206672633492 148214341 2 3 94
5 0.414825460918598 148214341 2 3 94
6 6.20457604306864 148214341 2 3 94
4 0.994698595457226 148214342 2 3 94
5 0.55223166467716 148214342 2 3 94
6 0 148214342 2 3 94
4 0.981221185538606 148214343 2 3 94
5 0.686778743020917 148214343 2 3 94
6 0 148214343 2 3 94
1 1.00607211711857 148214431 1 3 94
2 0.853036916936892 148214431 1 3 94
3 0 148214431 1 3 94
1 0.958445216895347 148214432 1 3 94
2 0.849962584185582 148214432 1 3 94
3 0 148214432 1 3 94
1 1.00053410546471 148214433 1 3 94
2 0.846888251434273 148214433 1 3 94
3 0 148214433 1 3 94
4 0.984179641374401 148214441 2 3 94
5 1.39592593781648 148214441 2 3 94
6 0 148214441 2 3 94
4 0.959525842742777 148214442 2 3 94
5 1.06653787164617 148214442 2 3 94
6 0 148214442 2 3 94
4 1.00193037638917 148214443 2 3 94
5 0.9403999856989 148214443 2 3 94
6 0 148214443 2 3 94
1 1.0156713373186 149214531 1 3 94
2 0.825910451484161 149214531 1 3 94
3 0.697312588401697 149214531 1 3 94
1 0.979120460403104 149214532 1 3 94
2 0.822836118732851 149214532 1 3 94
3 0 149214532 1 3 94
1 0.975797653410786 149214533 1 3 94
2 0.497318533300075 149214533 1 3 94
3 0.697312588401697 149214533 1 3 94
4 1.00850472269094 149214541 2 3 94
5 0.528349558271143 149214541 2 3 94
6 3.10228802153432 149214541 2 3 94
4 1.01014830926638 149214542 2 3 94
5 1.05392408305145 149214542 2 3 94
6 0 149214542 2 3 94
4 1.01080574389655 149214543 2 3 94
5 0.791893647976978 149214543 2 3 94
6 1.86137281292059 149214543 2 3 94
1 0.993150089926226 149214631 1 3 95
2 0.798783986031429 149214631 1 3 95
3 0 149214631 1 3 95
1 1.0079181210032 149214632 1 3 95
2 1.08813295086056 149214632 1 3 95
3 0.697312588401697 149214632 1 3 95
1 0.982074066618498 149214633 1 3 95
2 1.08198428535794 149214633 1 3 95
3 0 149214633 1 3 95
4 0.977934012387723 149214641 2 3 95
5 1.04273985716412 149214641 2 3 95
6 1.86137281292059 149214641 2 3 95
4 1.00850472269094 149214642 2 3 95
5 0.777850296674848 149214642 2 3 95
6 0.620457604306864 149214642 2 3 95
4 1.0150790689927 149214643 2 3 95
5 1.35530953854146 149214643 2 3 95
6 0.620457604306864 149214643 2 3 95
1 0.96656763398768 149214731 1 3 95
2 0.762615365427787 149214731 1 3 95
3 1.74328147100424 149214731 1 3 95
1 0.993888491480074 149214732 1 3 95
2 0.759541032676478 149214732 1 3 95
3 0 149214732 1 3 95
1 0.985766074387741 149214733 1 3 95
2 0.756466699925168 149214733 1 3 95
3 0 149214733 1 3 95
4 0.995684747402491 149214741 2 3 95
5 0.899783586423879 149214741 2 3 95
6 3.10228802153432 149214741 2 3 95
4 1.02461187113026 149214742 2 3 95
5 0.630689429736364 149214742 2 3 95
6 1.86137281292059 149214742 2 3 95
4 0.96281301589366 149214743 2 3 95
5 0.758256878391039 149214743 2 3 95
6 0 149214743 2 3 95
1 1.00533371556473 150214831 1 3 95
2 0.98252057869793 150214831 1 3 95
3 0 150214831 1 3 95
1 0.985027672833892 150214832 1 3 95
2 0.687203791469194 150214832 1 3 95
3 0.348656294200849 150214832 1 3 95
1 1.00570291634165 150214833 1 3 95
2 0.976552756298329 150214833 1 3 95
3 0.697312588401697 150214833 1 3 95
4 1.02165341529447 150214841 2 3 95
5 0.728824705003342 150214841 2 3 95
6 4.34320323014805 150214841 2 3 95
4 0.991411422306343 150214842 2 3 95
5 0.461076019099264 150214842 2 3 95
6 0 150214842 2 3 95
4 0.982207337483871 150214843 2 3 95
5 1.30485438416255 150214843 2 3 95
6 3.72274562584118 150214843 2 3 95
1 0.919309934541376 150214931 1 3 95
2 0.666045148416064 150214931 1 3 95
3 0 150214931 1 3 95
1 0.972844047195392 150214932 1 3 95
2 0.663151658767772 150214932 1 3 95
3 0 150214932 1 3 95
1 0.944046386595301 150214933 1 3 95
2 0.657002993265153 150214933 1 3 95
3 1.39462517680339 150214933 1 3 95
4 0.956567386906983 150214942 2 3 95
5 0.312569681377342 150214942 2 3 95
6 0 150214942 2 3 95
4 0.985165793319665 150214943 2 3 95
5 1.09597004503387 150214943 2 3 95
6 0.620457604306864 150214943 2 3 95
1 0.962506425441513 150215031 1 3 95
2 0.925374158144176 150215031 1 3 95
3 0 150215031 1 3 95
1 1.00127250701856 150215032 1 3 95
2 0.922299825392866 150215032 1 3 95
3 0.348656294200849 150215032 1 3 95
1 1.00053410546471 150215033 1 3 95
2 0.626983038164131 150215033 1 3 95
3 0.348656294200849 150215033 1 3 95
4 0.997328333977933 150215041 2 3 95
5 1.37212792333443 150215041 2 3 95
6 0.620457604306864 150215041 2 3 95
4 0.974318121921751 150215042 2 3 95
5 0.964282092104918 150215042 2 3 95
6 2.48183041722746 150215042 2 3 95
4 1.03545954252818 150215043 2 3 95
5 1.56553934845358 150215043 2 3 95
6 0.620457604306864 150215043 2 3 95
1 0.98392007050312 151215131 1 3 95
2 0.895173359940135 151215131 1 3 95
3 0 151215131 1 3 95
1 0.99610369614162 151215132 1 3 95
2 0.599856572711399 151215132 1 3 95
3 0.348656294200849 151215132 1 3 95
1 0.957706815341498 151215133 1 3 95
2 0.59678223996009 151215133 1 3 95
3 0 151215133 1 3 95
4 0.944076128933627 151215141 2 3 95
5 0.287342104187887 151215141 2 3 95
6 0 151215141 2 3 95
4 1.06340051431068 151215142 2 3 95
5 0.824100854855515 151215142 2 3 95
6 0 151215142 2 3 95
4 0.956896104222071 151215143 2 3 95
5 0.41903005711684 151215143 2 3 95
6 3.72274562584118 151215143 2 3 95
1 1.09947991368041 151215232 1 3 95
2 0.862079072087802 151215232 1 3 95
3 2.09193776520509 151215232 1 3 95
1 1.16224404575753 151215233 1 3 95
2 0.859004739336493 151215233 1 3 95
3 0 151215233 1 3 95
4 0.893782379725115 151215241 2 3 95
5 0.543822472280675 151215241 2 3 95
6 0 151215241 2 3 95
4 0.904630051123029 151215242 2 3 95
5 0.542392909573273 151215242 2 3 95
6 0 151215242 2 3 95
4 0.909889528164442 151215243 2 3 95
5 0.539617876082433 151215243 2 3 95
6 0 151215243 2 3 95
1 0.996842097695468 151215331 1 3 95
2 0.542529309054627 151215331 1 3 95
3 0 151215331 1 3 95
4 0.99798576860811 151215341 2 3 95
5 0.529779120978545 151215341 2 3 95
6 1.86137281292059 151215341 2 3 95
4 1.01179189584182 151215342 2 3 95
5 1.23758084499068 151215342 2 3 95
6 0 151215342 2 3 95
4 1.02132469797938 151215343 2 3 95
5 0.919377004707688 151215343 2 3 95
6 0.620457604306864 151215343 2 3 95
1 1.01847726322323 1521433 1 1 27
2 0.904215515091045 1521433 1 1 27
3 2.78925035360679 1521433 1 1 27
4 1.00127294175899 1521443 2 1 27
5 0.57182508296097 1521443 2 1 27
6 0 1521443 2 1 27
1 1.00444763370011 1521531 1 1 27
2 2.01043277625343 1521531 1 1 27
3 2.44059405940594 1521531 1 1 27
1 0.992411688372377 1521532 1 1 27
2 1.18452232476927 1521532 1 1 27
3 1.04596888260255 1521532 1 1 27
1 0.969521240203074 1521533 1 1 27
2 1.18144799201796 1521533 1 1 27
3 0 1521533 1 1 27
4 0.974120891532698 1521541 2 1 27
5 0.330733536953749 1521541 2 1 27
6 0.620457604306864 1521541 2 1 27
4 1.02099598066429 1521542 2 1 27
5 0.817121225166433 1521542 2 1 27
6 0 1521542 2 1 27
4 0.946903097843386 1521543 2 1 27
5 0.697962968908242 1521543 2 1 27
6 0 1521543 2 1 27
1 0.98133566506465 152215431 1 3 96
2 0.605824395111 152215431 1 3 96
3 0.697312588401697 152215431 1 3 96
1 0.987612078272362 152215432 1 3 96
2 0.602750062359691 152215432 1 3 96
3 0 152215432 1 3 96
1 0.976536054964635 152215433 1 3 96
2 0.599856572711399 152215433 1 3 96
3 0 152215433 1 3 96
4 1.00620370148532 152215441 2 3 96
5 1.2193328974903 152215441 2 3 96
6 5.58411843876178 152215441 2 3 96
4 1.02428315381517 152215442 2 3 96
5 0.688124213804355 152215442 2 3 96
6 0 152215442 2 3 96
4 0.967415058304897 152215443 2 3 96
5 0.81291662896819 152215443 2 3 96
6 0 152215443 2 3 96
1 1.01013332566474 152215531 1 3 96
2 0.862079072087802 152215531 1 3 96
3 0 152215531 1 3 96
1 1.0415153917033 152215532 1 3 96
2 0.855930406585183 152215532 1 3 96
3 0.697312588401697 152215532 1 3 96
1 0.977274456518483 152215533 1 3 96
2 1.13334372661512 152215533 1 3 96
3 3.13790664780764 152215533 1 3 96
4 0.991082704991255 152215541 2 3 96
5 1.40711016370381 152215541 2 3 96
6 6.20457604306864 152215541 2 3 96
4 1.0039026802797 152215542 2 3 96
5 0.797443714958658 152215542 2 3 96
6 0 152215542 2 3 96
4 0.996342182032668 152215543 2 3 96
5 0.919377004707688 152215543 2 3 96
6 0 152215543 2 3 96
1 1.01936334508785 152215631 1 3 96
2 0.834952606635071 152215631 1 3 96
3 2.09193776520509 152215631 1 3 96
1 1.00459531401088 152215632 1 3 96
2 0.831878273883761 152215632 1 3 96
3 2.09193776520509 152215632 1 3 96
1 0.965460031656907 152215633 1 3 96
2 0.828803941132452 152215633 1 3 96
3 2.09193776520509 152215633 1 3 96
4 0.975304273867016 152215641 2 3 96
5 1.09882917044868 152215641 2 3 96
6 0.620457604306864 152215641 2 3 96
4 1.00916215732111 152215642 2 3 96
5 1.09597004503387 152215642 2 3 96
6 2.48183041722746 152215642 2 3 96
1 1.0156713373186 153215731 1 3 96
2 1.36843976053879 153215731 1 3 96
3 0.348656294200849 153215731 1 3 96
1 1.05480661967258 153215732 1 3 96
2 0.500392866051384 153215732 1 3 96
3 0.697312588401697 153215732 1 3 96
1 1.06477504064953 153215733 1 3 96
2 0.786667498129209 153215733 1 3 96
3 2.09193776520509 153215733 1 3 96
4 1.03151493474712 153215741 2 3 96
5 0.768011541570961 153215741 2 3 96
6 1.86137281292059 153215741 2 3 96
4 1.04499234466574 153215742 2 3 96
5 0.889944831319991 153215742 2 3 96
6 0 153215742 2 3 96
4 1.04729336587136 153215743 2 3 96
5 0.765236508080121 153215743 2 3 96
6 0 153215743 2 3 96
1 1.01604053809553 153215831 1 3 96
2 0.768583187827388 153215831 1 3 96
3 0 153215831 1 3 96
1 0.899373092587467 153215832 1 3 96
2 0.765508855076079 153215832 1 3 96
3 0 153215832 1 3 96
1 0.975059251856938 153215833 1 3 96
2 1.60950361686206 153215833 1 3 96
3 0 153215833 1 3 96
4 0.938159217262037 153215841 2 3 96
5 0.756827315683636 153215841 2 3 96
6 0 153215841 2 3 96
4 1.01672265556814 153215842 2 3 96
5 0.629259867028961 153215842 2 3 96
6 0 153215842 2 3 96
4 1.01179189584182 153215843 2 3 96
5 1.15769351722407 153215843 2 3 96
6 1.24091520861373 153215843 2 3 96
1 0.999795703910862 153215931 1 3 96
2 0.159684459965079 153215931 1 3 96
3 0.348656294200849 153215931 1 3 96
1 0.999426503133938 153215932 1 3 96
2 1.01868919930157 153215932 1 3 96
3 0.348656294200849 153215932 1 3 96
1 1.0278549629571 153215933 1 3 96
2 1.01579570965328 153215933 1 3 96
3 1.39462517680339 153215933 1 3 96
4 1.06307179699559 153215941 2 3 96
5 0.744213527088909 153215941 2 3 96
6 0.620457604306864 153215941 2 3 96
4 1.01080574389655 153215942 2 3 96
5 1.05535364575885 153215942 2 3 96
6 0 153215942 2 3 96
4 1.012449330472 153215943 2 3 96
5 0.741438493598069 153215943 2 3 96
6 0.620457604306864 153215943 2 3 96
1 1.02047094741862 154216031 1 3 96
2 0.99463706660015 154216031 1 3 96
3 3.48656294200849 154216031 1 3 96
1 0.991304086041605 154216032 1 3 96
2 0.988669244200549 154216032 1 3 96
3 0.697312588401697 154216032 1 3 96
1 1.0049645147878 154216033 1 3 96
2 1.28091169867797 154216033 1 3 96
3 0.348656294200849 154216033 1 3 96
4 0.94144639041292 154216041 2 3 96
5 1.33008196135201 154216041 2 3 96
6 0 154216041 2 3 96
4 0.995356030087403 154216042 2 3 96
5 0.465280615297507 154216042 2 3 96
6 0.620457604306864 154216042 2 3 96
4 1.02691289233588 154216043 2 3 96
5 0.463935144514069 154216043 2 3 96
6 0.620457604306864 154216043 2 3 96
1 0.972105645641544 154216231 1 3 97
2 0.958468445996508 154216231 1 3 97
3 0 154216231 1 3 97
1 0.990196483710832 154216232 1 3 97
2 1.24781741082564 154216232 1 3 97
3 0.348656294200849 154216232 1 3 97
1 0.973213247972316 154216233 1 3 97
2 0.672193813918683 154216233 1 3 97
3 1.74328147100424 154216233 1 3 97
4 0.960840712003131 154216241 2 3 97
5 1.31040445114423 154216241 2 3 97
6 0.620457604306864 154216241 2 3 97
4 0.943747411618538 154216242 2 3 97
5 0.832510047252 154216242 2 3 97
6 0 154216242 2 3 97
4 0.995684747402491 154216243 2 3 97
5 0.712006320210372 154216243 2 3 97
6 3.72274562584118 154216243 2 3 97
1 0.996472896918544 155216331 1 3 97
2 1.13623721626341 155216331 1 3 97
3 0 155216331 1 3 97
1 1.01382533343398 155216332 1 3 97
2 1.13334372661512 155216332 1 3 97
3 0 155216332 1 3 97
4 1.01540778630779 155216341 2 3 97
5 0.969832159086597 155216341 2 3 97
6 2.48183041722746 155216341 2 3 97
4 1.02165341529447 155216342 2 3 97
5 0.531208683685948 155216342 2 3 97
6 0 155216342 2 3 97
4 1.03545954252818 155216343 2 3 97
5 1.05812867924969 155216343 2 3 97
6 0 155216343 2 3 97
1 0.938508374941437 155216431 1 3 97
2 0.80782614118234 155216431 1 3 97
3 0.348656294200849 155216431 1 3 97
1 0.991304086041605 155216432 1 3 97
2 1.37440758293839 155216432 1 3 97
3 0 155216432 1 3 97
1 0.967306035541528 155216433 1 3 97
2 1.09410077326016 155216433 1 3 97
3 0 155216433 1 3 97
4 1.00587498417023 155216441 2 3 97
5 1.24456047467976 155216441 2 3 97
6 0 155216441 2 3 97
4 0.995684747402491 155216442 2 3 97
5 0.644732781038493 155216442 2 3 97
6 0 155216442 2 3 97
4 1.00653241880041 155216443 2 3 97
5 0.950238740802788 155216443 2 3 97
6 0 155216443 2 3 97
1 0.991673286818529 155216531 1 3 97
2 1.59738712895984 155216531 1 3 97
3 0 155216531 1 3 97
1 1.00238010934933 155216532 1 3 97
2 1.06100648540783 155216532 1 3 97
3 3.13790664780764 155216532 1 3 97
1 1.04631500180332 155216533 1 3 97
2 1.33516462958344 155216533 1 3 97
3 2.09193776520509 155216533 1 3 97
4 1.01047702658147 155216541 2 3 97
5 0.633464463227204 155216541 2 3 97
6 2.48183041722746 155216541 2 3 97
4 0.977934012387723 155216542 2 3 97
5 0.498917384883446 155216542 2 3 97
6 0 155216542 2 3 97
4 1.01672265556814 155216543 2 3 97
5 0.934849918717221 155216543 2 3 97
6 1.24091520861373 155216543 2 3 97
1 1.0780662686188 156216631 1 4 116
2 1.11815290596159 156216631 1 4 116
3 1.39462517680339 156216631 1 4 116
1 1.00422611323395 156216632 1 4 116
2 0.449033424794213 156216632 1 4 116
3 0.348656294200849 156216632 1 4 116
1 1.03523897849559 156216633 1 4 116
2 0.461149912696433 156216633 1 4 116
3 0.697312588401697 156216633 1 4 116
4 1.04926566976189 156216641 2 4 116
5 0.999264332474294 156216641 2 4 116
6 0 156216641 2 4 116
4 1.06504410088612 156216642 2 4 116
5 1.16324358420575 156216642 2 4 116
6 0 156216642 2 4 116
4 1.04532106198083 156216643 2 4 116
5 0.361595273048848 156216643 2 4 116
6 0 156216643 2 4 116
1 1.01677893964938 156216731 1 4 116
2 0.741456722374657 156216731 1 4 116
3 0 156216731 1 4 116
1 1.09357270124962 156216732 1 4 116
2 0.735488899975056 156216732 1 4 116
3 0.348656294200849 156216732 1 4 116
4 1.0768779242293 156216741 2 4 116
5 1.29081103286042 156216741 2 4 116
6 1.24091520861373 156216741 2 4 116
4 1.0545251468033 156216742 2 4 116
5 0.348981484454121 156216742 2 4 116
6 0 156216742 2 4 116
4 1.08739687831213 156216743 2 4 116
5 0.976895880699645 156216743 2 4 116
6 0 156216743 2 4 116
1 1.00422611323395 156216831 1 4 116
2 1.05793215265652 156216831 1 4 116
3 0.697312588401697 156216831 1 4 116
1 1.00865652255704 156216832 1 4 116
2 0.705288101771015 156216832 1 4 116
3 0 156216832 1 4 116
1 0.999057302357014 156216833 1 4 116
2 0.702213769019706 156216833 1 4 116
3 0 156216833 1 4 116
4 1.05321027754295 156216841 2 4 116
5 0.336367695859394 156216841 2 4 116
6 3.72274562584118 156216841 2 4 116
4 1.03874671567906 156216842 2 4 116
5 0.964282092104918 156216842 2 4 116
6 0.620457604306864 156216842 2 4 116
4 1.03348723863765 156216843 2 4 116
5 1.27121761457661 156216843 2 4 116
6 0 156216843 2 4 116
1 1.09209589814192 157216931 1 4 116
2 0.376696183586929 157216931 1 4 116
3 0 157216931 1 4 116
1 1.07289745774186 157216932 1 4 116
2 0.370728361187328 157216932 1 4 116
3 0 157216932 1 4 116
1 1.10686392921889 157216933 1 4 116
2 0.364760538787728 157216933 1 4 116
3 0 157216933 1 4 116
4 1.0657015355163 157216941 2 4 116
5 1.12262718493073 157216941 2 4 116
6 1.24091520861373 157216941 2 4 116
4 1.06833127403701 157216942 2 4 116
5 1.45621984729928 157216942 2 4 116
6 0.620457604306864 157216942 2 4 116
4 1.09988813628549 157216943 2 4 116
5 0.629259867028961 157216943 2 4 116
6 0.620457604306864 157216943 2 4 116
1 1.06255983598798 157217031 1 4 117
2 1.49195559990022 157217031 1 4 117
3 0.348656294200849 157217031 1 4 117
1 1.09357270124962 157217032 1 4 117
2 0.81686829633325 157217032 1 4 117
3 0.348656294200849 157217032 1 4 117
1 1.04483819869562 157217033 1 4 117
2 0.455182090296832 157217033 1 4 117
3 0.697312588401697 157217033 1 4 117
4 1.04137645419977 157217041 2 4 117
5 0.702167565106485 157217041 2 4 117
6 6.20457604306864 157217041 2 4 117
4 1.08805431294231 157217042 2 4 117
5 0.542392909573273 157217042 2 4 117
6 0 157217042 2 4 117
4 1.09791583239496 157217043 2 4 117
5 0.695187935417402 157217043 2 4 117
6 0.620457604306864 157217043 2 4 117
1 1.0079181210032 157217131 1 4 117
2 1.1212272387129 157217131 1 4 117
3 0 157217131 1 4 117
1 1.01751734120323 157217132 1 4 117
2 1.11525941631329 157217132 1 4 117
3 1.04596888260255 157217132 1 4 117
1 1.04409979714177 157217133 1 4 117
2 1.11218508356199 157217133 1 4 117
3 0 157217133 1 4 117
4 1.09725839776478 157217141 2 4 117
5 0.84655339855413 157217141 2 4 117
6 0 157217141 2 4 117
4 1.02033854603411 157217142 2 4 117
5 0.525574524780303 157217142 2 4 117
6 0 157217142 2 4 117
1 1.03597738004944 158217231 1 4 117
2 1.77533674232976 158217231 1 4 117
3 2.09193776520509 158217231 1 4 117
1 1.03819258471098 158217232 1 4 117
2 1.42269269144425 158217232 1 4 117
3 1.39462517680339 158217232 1 4 117
1 1.01973254586477 158217233 1 4 117
2 1.41961835869294 158217233 1 4 117
3 0 158217233 1 4 117
4 1.04795080050153 158217241 2 4 117
5 0.993714265492614 158217241 2 4 117
6 0 158217241 2 4 117
4 1.05255284291277 158217242 2 4 117
5 1.33428655755025 158217242 2 4 117
6 1.24091520861373 158217242 2 4 117
4 1.045978496611 158217243 2 4 117
5 1.60615574772861 158217243 2 4 117
6 0 158217243 2 4 117
1 1.07437426084956 158217331 1 4 117
2 1.39845971563981 158217331 1 4 117
3 0 158217331 1 4 117
1 1.01308693188014 158217332 1 4 117
2 1.05485781990521 158217332 1 4 117
3 1.04596888260255 158217332 1 4 117
1 1.03376217538789 158217333 1 4 117
2 1.3894175604889 158217333 1 4 117
3 0 158217333 1 4 117
4 1.04992310439206 158217341 2 4 117
5 0.979670914190485 158217341 2 4 117
6 0 158217341 2 4 117
4 1.06964614329736 158217342 2 4 117
5 1.59354195913388 158217342 2 4 117
6 0 158217342 2 4 117
4 1.0433487580903 158217343 2 4 117
5 0.975466317992242 158217343 2 4 117
6 1.86137281292059 158217343 2 4 117
1 1.03745418315714 158217431 1 4 117
2 0.961542778747817 158217431 1 4 117
3 1.74328147100424 158217431 1 4 117
1 0.915617926772134 158217432 1 4 117
2 0.958468445996508 158217432 1 4 117
3 1.04596888260255 158217432 1 4 117
1 0.988719680603135 158217433 1 4 117
2 1.28995385382888 158217433 1 4 117
3 0 158217433 1 4 117
4 1.03282980400747 158217441 2 4 117
5 0.612441482235991 158217441 2 4 117
6 0 158217441 2 4 117
4 1.02954263085659 158217442 2 4 117
5 1.07217203055182 158217442 2 4 117
6 0 158217442 2 4 117
4 1.06241436236542 158217443 2 4 117
5 1.26558345567097 158217443 2 4 117
6 0 158217443 2 4 117
1 1.02563975829556 159217531 1 4 117
2 0.937309802943377 159217531 1 4 117
3 0.348656294200849 159217531 1 4 117
1 1.01087172721859 159217532 1 4 117
2 0.931341980543776 159217532 1 4 117
3 2.09193776520509 159217532 1 4 117
1 1.02120934897247 159217533 1 4 117
2 0.928267647792467 159217533 1 4 117
3 0 159217533 1 4 117
4 1.0150790689927 159217541 2 4 117
5 0.920806567415091 159217541 2 4 117
6 0.620457604306864 159217541 2 4 117
4 1.03611697715835 159217543 2 4 117
5 1.25994929676532 159217543 2 4 117
6 0 159217543 2 4 117
1 0.99610369614162 159217631 1 4 117
2 1.24781741082564 159217631 1 4 117
3 0.697312588401697 159217631 1 4 117
1 1.00422611323395 159217632 1 4 117
2 1.24184958842604 159217632 1 4 117
3 0.348656294200849 159217632 1 4 117
1 1.01382533343398 159217633 1 4 117
2 0.898247692691444 159217633 1 4 117
3 0 159217633 1 4 117
4 1.02954263085659 159217641 2 4 117
5 1.24599003738716 159217641 2 4 117
6 1.24091520861373 159217641 2 4 117
4 0.966428906359632 159217642 2 4 117
5 0.584438871555697 159217642 2 4 117
6 0.620457604306864 159217642 2 4 117
4 0.98812424915546 159217643 2 4 117
5 0.903988182622121 159217643 2 4 117
6 4.34320323014805 159217643 2 4 117
1 1.00274931012626 159217731 1 4 117
2 1.56429284110751 159217731 1 4 117
3 0 159217731 1 4 117
1 1.03376217538789 159217732 1 4 117
2 1.55832501870791 159217732 1 4 117
3 0 159217732 1 4 117
1 1.01973254586477 159217733 1 4 117
2 1.2056809678224 159217733 1 4 117
3 1.74328147100424 159217733 1 4 117
4 0.992726291566697 159217741 2 4 117
5 0.734374771985022 159217741 2 4 117
6 0.620457604306864 159217741 2 4 117
4 1.03874671567906 159217742 2 4 117
5 0.259255401583628 159217742 2 4 117
6 2.48183041722746 159217742 2 4 117
4 1.00061550712882 159217743 2 4 117
5 1.22774208988679 159217743 2 4 117
6 4.34320323014805 159217743 2 4 117
1 1.03597738004944 160217831 1 4 118
2 1.11815290596159 160217831 1 4 118
3 3.13790664780764 160217831 1 4 118
1 1.03966938781868 160217832 1 4 118
2 1.45578697929658 160217832 1 4 118
3 0.348656294200849 160217832 1 4 118
1 1.04779180491101 160217833 1 4 118
2 1.45271264654527 160217833 1 4 118
3 2.09193776520509 160217833 1 4 118
4 1.02296828455482 160217842 2 4 118
5 0.69098333921916 160217842 2 4 118
6 0 160217842 2 4 118
4 1.04006158493941 160217843 2 4 118
5 0.683919617606113 160217843 2 4 118
6 0 160217843 2 4 118
1 1.05739102511104 160217931 1 4 118
2 0.687203791469194 160217931 1 4 118
3 2.78925035360679 160217931 1 4 118
1 0.935554768726043 160217932 1 4 118
2 1.01272137690197 160217932 1 4 118
3 0.348656294200849 160217932 1 4 118
1 1.03154697072635 160217933 1 4 118
2 1.00675355450237 160217933 1 4 118
3 0.697312588401697 160217933 1 4 118
4 1.03085750011694 160217941 2 4 118
5 0.978241351483082 160217941 2 4 118
6 0.620457604306864 160217941 2 4 118
4 1.03808928104888 160217942 2 4 118
5 1.17165277660223 160217942 2 4 118
6 0 160217942 2 4 118
4 1.00456011490988 160217943 2 4 118
5 1.1703073058188 160217943 2 4 118
6 2.48183041722746 160217943 2 4 118
1 1.02711656140326 160218031 1 4 118
2 1.23877525567473 160218031 1 4 118
3 0.697312588401697 160218031 1 4 118
1 1.05296061578795 160218032 1 4 118
2 1.23570092292342 160218032 1 4 118
3 1.74328147100424 160218032 1 4 118
1 1.00053410546471 160218033 1 4 118
2 0.886131204789224 160218033 1 4 118
3 2.78925035360679 160218033 1 4 118
4 1.05649745069383 160218041 2 4 118
5 1.08478581914655 160218041 2 4 118
6 0 160218041 2 4 118
4 1.00258781101935 160218042 2 4 118
5 0.885740235121749 160218042 2 4 118
6 0.620457604306864 160218042 2 4 118
4 1.04860823513171 160218043 2 4 118
5 1.35387997583406 160218043 2 4 118
6 0 160218043 2 4 118
1 1.01825574275707 161218131 1 4 118
2 0.868046894487403 161218131 1 4 118
3 2.78925035360679 161218131 1 4 118
1 1.06994385152647 161218132 1 4 118
2 1.2056809678224 161218132 1 4 118
3 2.44059405940594 161218132 1 4 118
1 1.02268615208017 161218133 1 4 118
2 0.855930406585183 161218133 1 4 118
3 2.09193776520509 161218133 1 4 118
4 1.06833127403701 161218141 2 4 118
5 0.875985571941827 161218141 2 4 118
6 0 161218141 2 4 118
4 1.01836624214358 161218142 2 4 118
5 0.873126446527022 161218142 2 4 118
6 0 161218142 2 4 118
4 1.05189540828259 161218143 2 4 118
5 0.723190546097697 161218143 2 4 118
6 0 161218143 2 4 118
1 1.05443741889565 161218231 1 4 118
2 0.503286355699676 161218231 1 4 118
3 1.04596888260255 161218231 1 4 118
1 1.03671578160329 161218232 1 4 118
2 0.828803941132452 161218232 1 4 118
3 1.39462517680339 161218232 1 4 118
1 1.03597738004944 161218233 1 4 118
2 0.822836118732851 161218233 1 4 118
3 1.74328147100424 161218233 1 4 118
4 1.06964614329736 161218241 2 4 118
5 0.395232042634788 161218241 2 4 118
6 1.86137281292059 161218241 2 4 118
4 1.03282980400747 161218242 2 4 118
5 0.718985949899455 161218242 2 4 118
6 2.48183041722746 161218242 2 4 118
4 1.00653241880041 161218243 2 4 118
5 1.05257861226801 161218243 2 4 118
6 1.86137281292059 161218243 2 4 118
1 1.03302377383404 161218331 1 4 118
2 0.464224245447743 161218331 1 4 118
3 0.697312588401697 161218331 1 4 118
1 1.03597738004944 161218333 1 4 118
2 0.7835931653779 161218333 1 4 118
3 2.78925035360679 161218333 1 4 118
4 1.02822776159623 161218341 2 4 118
5 0.54096334686587 161218341 2 4 118
6 0 161218341 2 4 118
4 0.982864772114047 161218342 2 4 118
5 0.378413657841818 161218342 2 4 118
6 0 161218342 2 4 118
4 1.02954263085659 161218343 2 4 118
5 0.69375837271 161218343 2 4 118
6 0 161218343 2 4 118
1 1.01677893964938 1621731 1 1 27
2 0.81686829633325 1621731 1 1 27
3 1.39462517680339 1621731 1 1 27
1 0.930607478315258 1621732 1 1 27
2 0.620834372661512 1621732 1 1 27
3 2.09193776520509 1621732 1 1 27
1 0.909710714341346 1621733 1 1 27
2 0.614866550261911 1621733 1 1 27
3 2.44059405940594 1621733 1 1 27
4 0.998445972849233 1621742 2 1 27
5 1.04694445336236 1621742 2 1 27
6 1.24091520861373 1621742 2 1 27
4 1.03697164217758 1621743 2 1 27
5 0.797443714958658 1621743 2 1 27
6 0 1621743 2 1 27
1 1.02069246788477 1621831 1 1 27
2 1.36843976053879 1621831 1 1 27
3 3.13790664780764 1621831 1 1 27
1 0.957928335807652 1621832 1 1 27
2 1.35939760538788 1621832 1 1 27
3 1.04596888260255 1621832 1 1 27
1 1.00223242903856 1621833 1 1 27
2 1.05485781990521 1621833 1 1 27
3 1.04596888260255 1621833 1 1 27
4 0.982207337483871 1621842 2 1 27
5 0.364370306539688 1621842 2 1 27
6 1.24091520861373 1621842 2 1 27
4 0.939276856133337 1621843 2 1 27
5 0.756827315683636 1621843 2 1 27
6 2.48183041722746 1621843 2 1 27
1 0.935776289192198 1721931 1 1 28
2 0.611792217510601 1721931 1 1 28
3 1.04596888260255 1721931 1 1 28
1 0.983329349260041 1721932 1 1 28
2 0.605824395111 1721932 1 1 28
3 2.44059405940594 1721932 1 1 28
1 0.918571532987528 1721933 1 1 28
2 0.602750062359691 1721933 1 1 28
3 2.44059405940594 1721933 1 1 28
4 0.99713110358888 1721942 2 1 28
5 0.29154670038613 1721942 2 1 28
6 0.620457604306864 1721942 2 1 28
4 0.99515879969835 1721943 2 1 28
5 1.22496705639595 1721943 2 1 28
6 0 1721943 2 1 28
1 1.00223242903856 1722031 1 1 28
2 0.892099027188825 1722031 1 1 28
3 1.04596888260255 1722031 1 1 28
1 0.994405372567768 1722032 1 1 28
2 0.566581441756049 1722032 1 1 28
3 0.348656294200849 1722032 1 1 28
1 1.02047094741862 1722033 1 1 28
2 0.560613619356448 1722033 1 1 28
3 1.04596888260255 1722033 1 1 28
4 1.01488183860365 1722043 2 1 28
5 1.35530953854146 1722043 2 1 28
6 0 1722043 2 1 28
1 0.999057302357014 1722133 1 1 28
2 0.840920429034672 1722133 1 1 28
3 2.09193776520509 1722133 1 1 28
4 1.01553927323383 1722141 2 1 28
5 0.53818831337503 1722141 2 1 28
6 0 1722141 2 1 28
4 0.997328333977933 1722142 2 1 28
5 1.03433066476764 1722142 2 1 28
6 0 1722142 2 1 28
4 0.98924188802676 1722143 2 1 28
5 1.0315556312768 1722143 2 1 28
6 0 1722143 2 1 28
1 0.993150089926226 1822231 1 1 28
2 0.286274632077825 1822231 1 1 28
3 0 1822231 1 1 28
1 0.996842097695468 1822232 1 1 28
2 0.780699675729608 1822232 1 1 28
3 1.39462517680339 1822232 1 1 28
1 0.945892390479922 1822233 1 1 28
2 0.467117735096034 1822233 1 1 28
3 2.44059405940594 1822233 1 1 28
4 0.886024651089031 1822241 2 1 28
5 1.60195115153036 1822241 2 1 28
6 0.620457604306864 1822241 2 1 28
4 1.0139614301214 1822242 2 1 28
5 1.61178990663425 1822242 2 1 28
6 0 1822242 2 1 28
4 0.985691741023807 1822243 2 1 28
5 0.878760605432667 1822243 2 1 28
6 0 1822243 2 1 28
1 0.998835781890859 1822331 1 1 28
2 0.452107757545523 1822331 1 1 28
3 2.09193776520509 1822331 1 1 28
1 0.941240460690677 1822332 1 1 28
2 0.753573210276877 1822332 1 1 28
3 2.78925035360679 1822332 1 1 28
1 0.891250675495133 1822333 1 1 28
2 0.439991269643302 1822333 1 1 28
3 1.04596888260255 1822333 1 1 28
4 0.993580956585926 1822341 2 1 28
5 0.735804334692424 1822341 2 1 28
6 1.24091520861373 1822341 2 1 28
4 0.987664044914337 1822343 2 1 28
5 1.14507972862934 1822343 2 1 28
6 0 1822343 2 1 28
1 0.999278822823168 1822431 1 1 28
2 0.717404589673235 1822431 1 1 28
3 0 1822431 1 1 28
1 1.01161012877244 1822432 1 1 28
2 0.714330256921926 1822432 1 1 28
3 1.74328147100424 1822432 1 1 28
1 0.991894807284683 1822433 1 1 28
2 0.400929159391369 1822433 1 1 28
3 2.44059405940594 1822433 1 1 28
4 1.0262554577057 1822441 2 1 28
5 0.592848063952182 1822441 2 1 28
6 0.620457604306864 1822441 2 1 28
4 0.922183555748745 1822442 2 1 28
5 0.839489676941082 1822442 2 1 28
6 1.24091520861373 1822442 2 1 28
4 0.977802525461687 1822443 2 1 28
5 1.12826134383637 1822443 2 1 28
6 0 1822443 2 1 28
1 0.972696366884622 1922531 1 1 28
2 0.382844849089548 1922531 1 1 28
3 0 1922531 1 1 28
1 0.97889893993695 1922532 1 1 28
2 0.684129458717885 1922532 1 1 28
3 0 1922532 1 1 28
1 0.958223696429192 1922533 1 1 28
2 0.678161636318284 1922533 1 1 28
3 0.697312588401697 1922533 1 1 28
4 0.983324976355171 1922541 2 1 28
5 0.577459241866614 1922541 2 1 28
6 0 1922541 2 1 28
4 0.976487656201334 1922543 2 1 28
5 1.12262718493073 1922543 2 1 28
6 0 1922543 2 1 28
1 0.93459484670604 1922631 1 1 28
2 0.638918682963332 1922631 1 1 28
3 0 1922631 1 1 28
1 0.973951649526165 1922632 1 1 28
2 0.629876527812422 1922632 1 1 28
3 0.697312588401697 1922632 1 1 28
1 0.918793053453682 1922633 1 1 28
2 0.623908705412821 1922633 1 1 28
3 1.74328147100424 1922633 1 1 28
4 0.989439118415813 1922642 2 1 28
5 1.09319501154303 1922642 2 1 28
6 0 1922642 2 1 28
4 0.917318539485438 1922643 2 1 28
5 0.804507436571705 1922643 2 1 28
6 0 1922643 2 1 28
1 0.900628375229009 1922731 1 1 29
2 1.52812422050387 1922731 1 1 29
3 2.44059405940594 1922731 1 1 29
1 0.895902605284379 1922732 1 1 29
2 1.51600773260165 1922732 1 1 29
3 2.78925035360679 1922732 1 1 29
4 0.950650475235393 1922741 2 1 29
5 0.854962590950614 1922741 2 1 29
6 0.620457604306864 1922741 2 1 29
4 0.967743775619985 1922742 2 1 29
5 1.26701301837837 1922742 2 1 29
6 0 1922742 2 1 29
4 0.855322453859783 1922743 2 1 29
5 0.84932843204497 1922743 2 1 29
6 0 1922743 2 1 29
