1 1.05284135867234 11123131 1 1 7
2 0.960366212132286 11123131 1 1 7
3 0 11123131 1 1 7
1 1.04407194359351 11123132 1 1 7
2 1.73778065900247 11123132 1 1 7
3 0 11123132 1 1 7
4 1.0312105715363 11123141 2 1 7
5 0.446458516927763 11123141 2 1 7
6 0 11123141 2 1 7
4 1.05164322682371 11123142 2 1 7
5 1.04125099461837 11123142 2 1 7
6 0.676602086438152 11123142 2 1 7
4 0.973552172397154 11123143 2 1 7
5 1.04125099461837 11123143 2 1 7
6 0.676602086438152 11123143 2 1 7
1 0.93613505966493 11123231 1 1 7
2 0.948703254689317 11123231 1 1 7
3 0.348409893992933 11123231 1 1 7
1 0.996790180626826 11123232 1 1 7
2 0.554077515536898 11123232 1 1 7
3 0.696819787985866 11123232 1 1 7
1 0.978739801256238 11123233 1 1 7
2 0.55129233166992 11123233 1 1 7
3 0 11123233 1 1 7
4 0.942264668988312 11123241 2 1 7
5 0.449129013766374 11123241 2 1 7
6 0 11123241 2 1 7
4 0.980959009938838 11123242 2 1 7
5 1.41884306276862 11123242 2 1 7
6 0 11123242 2 1 7
4 1.01122488058331 11123243 2 1 7
5 0.447753303273756 11123243 2 1 7
6 0 11123243 2 1 7
1 0.991455453120539 11123331 1 1 7
2 0.527966416783981 11123331 1 1 7
3 0.348409893992933 11123331 1 1 7
1 0.953454654445616 11123332 1 1 7
2 0.527966416783981 11123332 1 1 7
3 0.348409893992933 11123332 1 1 7
1 0.987509216335066 11123333 1 1 7
2 0.9225921559364 11123333 1 1 7
3 0 11123333 1 1 7
4 1.02948656624643 11123341 2 1 7
5 0.434319894934077 11123341 2 1 7
6 0.676602086438152 11123341 2 1 7
4 0.987982735193884 11123342 2 1 7
5 1.1477471715763 11123342 2 1 7
6 0 11123342 2 1 7
4 0.963080436562358 11123343 2 1 7
5 0.787634719096958 11123343 2 1 7
6 0 11123343 2 1 7
1 1.01359822619458 112131 1 1 3
2 0.66148116840723 112131 1 1 3
3 1.0452296819788 112131 1 1 3
1 1.02360997507624 112132 1 1 3
2 0.649818210964261 112132 1 1 3
3 0.696819787985866 112132 1 1 3
1 1.01776369835702 112133 1 1 3
2 0.652777468822924 112133 1 1 3
3 1.74204946996466 112133 1 1 3
4 1.04417253723425 112141 2 1 3
5 0.554330404378317 112141 2 1 3
6 2.70640834575261 112141 2 1 3
4 1.03676569969257 112143 2 1 3
5 0.310182254011984 112143 2 1 3
6 0.676602086438152 112143 2 1 3
1 1.07571491633628 112231 1 1 3
2 0.626666370070007 112231 1 1 3
3 0 112231 1 1 3
1 1.02675234881282 112232 1 1 3
2 0.620921928344366 112232 1 1 3
3 1.0452296819788 112232 1 1 3
1 1.02039452288067 11223431 1 1 7
2 1.03574025053237 11223431 1 1 7
3 0 11223431 1 1 7
1 1.04918743572283 11223432 1 1 7
2 0.855921817120618 11223432 1 1 7
3 0 11223432 1 1 7
1 1.03135629172921 11223433 1 1 7
2 2.10925455726063 11223433 1 1 7
3 0 11223433 1 1 7
4 1.02865648962538 11223441 2 1 7
5 1.54298070369071 11223441 2 1 7
6 0 11223441 2 1 7
4 1.00822383433797 11223442 2 1 7
5 1.24890235485702 11223442 2 1 7
6 0 11223442 2 1 7
4 1.0252723310934 11223443 2 1 7
5 0.863217872044308 11223443 2 1 7
6 0 11223443 2 1 7
1 0.974355093716824 11223531 1 1 7
2 1.28518828061857 11223531 1 1 7
3 3.48409893992933 11223531 1 1 7
1 0.977570545912394 11223532 1 1 7
2 0.832595902234679 11223532 1 1 7
3 0.348409893992933 11223532 1 1 7
1 0.962443304901415 11223533 1 1 7
2 1.27648458103427 11223533 1 1 7
3 3.48409893992933 11223533 1 1 7
4 0.99053681710481 11223541 2 1 7
5 1.10728509826402 11223541 2 1 7
6 0 11223541 2 1 7
4 0.899866909266943 11223542 2 1 7
5 1.23676373286333 11223542 2 1 7
6 0.676602086438152 11223542 2 1 7
4 0.943924822230414 11223543 2 1 7
5 1.83430763153917 11223543 2 1 7
6 0 11223543 2 1 7
1 1.04502196356038 11223631 1 1 7
2 1.58407332434363 11223631 1 1 7
3 0.696819787985866 11223631 1 1 7
1 1.03281786090901 11223632 1 1 7
2 1.58111406648497 11223632 1 1 7
3 0 11223632 1 1 7
1 0.994597826857119 11223633 1 1 7
2 1.57536962475932 11223633 1 1 7
3 0 11223633 1 1 7
4 1.01971720293714 11223641 2 1 7
5 1.47953617273705 11223641 2 1 7
6 0 11223641 2 1 7
4 0.973552172397154 11223642 2 1 7
5 0.965667841671016 11223642 2 1 7
6 0 11223642 2 1 7
4 1.01480059525861 11223643 2 1 7
5 1.47824138639105 11223643 2 1 7
6 0 11223643 2 1 7
4 1.02674092819218 112241 2 1 3
5 0.424851769779002 112241 2 1 3
6 0 112241 2 1 3
4 0.986961102429514 112242 2 1 3
5 0.834894420725708 112242 2 1 3
6 0 112242 2 1 3
4 1.02144120822701 112243 2 1 3
5 0.832142999740472 112243 2 1 3
6 0 112243 2 1 3
1 1.040418020644 112331 1 1 3
2 0.702040408470094 112331 1 1 3
3 2.78727915194346 112331 1 1 3
1 1.03749488228439 112332 1 1 3
2 0.939999555105011 112332 1 1 3
3 2.78727915194346 112332 1 1 3
1 1.07425334715648 112333 1 1 3
2 0.696295966744453 112333 1 1 3
3 1.74204946996466 112333 1 1 3
4 1.05738991112329 112341 2 1 3
5 0.968419262656251 112341 2 1 3
6 0 112341 2 1 3
4 1.03931978160349 112342 2 1 3
5 1.06148203127451 112342 2 1 3
6 0 112342 2 1 3
4 1.01799319764726 112343 2 1 3
5 0.743126438453443 112343 2 1 3
6 0 112343 2 1 3
1 1.01286744160468 11323731 1 1 7
2 1.54925852600641 11323731 1 1 7
3 3.1356890459364 11323731 1 1 7
1 0.981955253451808 11323732 1 1 7
2 0.783332962587509 11323732 1 1 7
3 0 11323732 1 1 7
1 1.00117488816624 11323733 1 1 7
2 0.954447696414958 11323733 1 1 7
3 0.348409893992933 11323733 1 1 7
4 0.957972272740506 11323741 2 1 7
5 0.956280640662566 11323741 2 1 7
6 0 11323741 2 1 7
4 0.991813858060273 11323742 2 1 7
5 0.36958057763442 11323742 2 1 7
6 0 11323742 2 1 7
4 1.04315090446988 11323743 2 1 7
5 0.577231937873071 11323743 2 1 7
6 1.3532041728763 11323743 2 1 7
1 1.03720256844843 11323831 1 1 7
2 1.21277350007715 11323831 1 1 7
3 3.48409893992933 11323831 1 1 7
1 1.03866413762823 11323832 1 1 7
2 1.52018816939483 11323832 1 1 7
3 0 11323832 1 1 7
1 0.994086277644188 11323833 1 1 7
2 1.51740298552785 11323833 1 1 7
3 3.1356890459364 11323833 1 1 7
4 1.03778733245694 11323841 2 1 7
5 0.442412309596534 11323841 2 1 7
6 0 11323841 2 1 7
4 1.0312105715363 11323842 2 1 7
5 1.07224494277558 11323842 2 1 7
6 0 11323842 2 1 7
4 1.03695725583589 11323843 2 1 7
5 0.566469026372003 11323843 2 1 7
6 0.676602086438152 11323843 2 1 7
1 1.03990647143107 11323931 1 1 8
2 1.4853733710576 11323931 1 1 8
3 0 11323931 1 1 8
1 1.010455852458 11323932 1 1 8
2 1.96407684819441 11323932 1 1 8
3 0.696819787985866 11323932 1 1 8
1 0.957547048149069 11323933 1 1 8
2 1.96129166432744 11323933 1 1 8
3 0 11323933 1 1 8
4 1.06294503927956 11323941 2 1 8
5 1.31097117531806 11323941 2 1 8
6 0 11323941 2 1 8
4 1.02118580003592 11323942 2 1 8
5 0.921159561027501 11323942 2 1 8
6 0 11323942 2 1 8
4 1.04315090446988 11323943 2 1 8
5 0.693277164132707 11323943 2 1 8
6 0.676602086438152 11323943 2 1 8
1 0.978520565879267 11424031 1 1 8
2 0.684633009301483 11424031 1 1 8
3 3.48409893992933 11424031 1 1 8
1 0.993647806890246 11424032 1 1 8
2 1.13722538768538 11424032 1 1 8
3 0.696819787985866 11424032 1 1 8
1 0.998470985183602 11424033 1 1 8
2 1.1344402038184 11424033 1 1 8
3 0.696819787985866 11424033 1 1 8
4 0.986705694238421 11424041 2 1 8
5 1.17202441556367 11424041 2 1 8
6 3.38301043219076 11424041 2 1 8
4 0.98951518434044 11424042 2 1 8
5 0.907726152687823 11424042 2 1 8
6 2.70640834575261 11424042 2 1 8
4 0.964357477517821 11424043 2 1 8
5 1.03720478728714 11424043 2 1 8
6 5.41281669150522 11424043 2 1 8
1 0.997009416003797 11424131 1 1 8
2 1.11981798851677 11424131 1 1 8
3 1.0452296819788 11424131 1 1 8
1 1.05137978949253 11424132 1 1 8
2 0.658521910548566 11424132 1 1 8
3 1.74204946996466 11424132 1 1 8
1 0.979032115092199 11424133 1 1 8
2 1.43036598968479 11424133 1 1 8
3 0 11424133 1 1 8
4 0.911615686057202 11424141 2 1 8
5 1.28531822083807 11424141 2 1 8
6 4.05961251862891 11424141 2 1 8
4 0.97712788707245 11424142 2 1 8
5 1.40945586176017 11424142 2 1 8
6 2.02980625931446 11424142 2 1 8
4 0.977766407550181 11424143 2 1 8
5 1.97187868080094 11424143 2 1 8
6 0.676602086438152 11424143 2 1 8
1 0.956085478969265 11424231 1 1 8
2 0.629625627928671 11424231 1 1 8
3 2.78727915194346 11424231 1 1 8
1 0.961200971098581 11424232 1 1 8
2 1.40704007479885 11424232 1 1 8
3 0.696819787985866 11424232 1 1 8
1 0.97925135046917 11424233 1 1 8
2 1.40129563307321 11424233 1 1 8
3 2.78727915194346 11424233 1 1 8
4 0.979681968983376 11424241 2 1 8
5 0.664953712814107 11424241 2 1 8
6 5.41281669150522 11424241 2 1 8
4 0.958610793218238 11424242 2 1 8
5 0.886119405539062 11424242 2 1 8
6 5.41281669150522 11424242 2 1 8
1 1.01286744160468 11524331 1 1 8
2 1.38684749176326 11524331 1 1 8
3 0 11524331 1 1 8
1 1.00095565278927 11524332 1 1 8
2 0.77167000514454 11524332 1 1 8
3 0.348409893992933 11524332 1 1 8
1 0.978301330502297 11524333 1 1 8
2 1.05314764970098 11524333 1 1 8
3 0.696819787985866 11524333 1 1 8
4 1.04417253723425 11524341 2 1 8
5 1.61306101466759 11524341 2 1 8
6 1.3532041728763 11524341 2 1 8
4 1.0045842676149 11524342 2 1 8
5 0.871310286706765 11524342 2 1 8
6 0 11524342 2 1 8
4 1.01824860583836 11524343 2 1 8
5 1.38113241044157 11524343 2 1 8
6 1.3532041728763 11524343 2 1 8
1 1.02404844583018 11524431 1 1 8
2 1.36073639301035 11524431 1 1 8
3 1.39363957597173 11524431 1 1 8
1 1.00534036032868 11524432 1 1 8
2 0.574444172564173 11524432 1 1 8
3 3.48409893992933 11524432 1 1 8
1 1.00504804649272 11524433 1 1 8
2 0.742773722524645 11524433 1 1 8
3 3.48409893992933 11524433 1 1 8
4 1.03395620959055 11524441 2 1 8
5 2.08112627874411 11524441 2 1 8
6 1.3532041728763 11524441 2 1 8
4 1.02610240771445 11524442 2 1 8
5 0.859171664713079 11524442 2 1 8
6 0 11524442 2 1 8
4 1.04845062443505 11524443 2 1 8
5 2.07708007141289 11524443 2 1 8
6 3.38301043219076 11524443 2 1 8
1 0.9670472478178 11524531 1 1 8
2 1.33462529425743 11524531 1 1 8
3 1.39363957597173 11524531 1 1 8
1 1.01359822619458 11524532 1 1 8
2 1.3287067785401 11524532 1 1 8
3 2.78727915194346 11524532 1 1 8
1 0.974135858339853 11524533 1 1 8
2 1.00092545219515 11524533 1 1 8
3 0 11524533 1 1 8
4 0.959504721887061 11524541 2 1 8
5 1.11133130559525 11524541 2 1 8
6 0.676602086438152 11524541 2 1 8
4 1.03868126112576 11524542 2 1 8
5 1.23409323602472 11524542 2 1 8
6 0 11524542 2 1 8
4 0.960781762842524 11524543 2 1 8
5 0.975135966826091 11524543 2 1 8
6 0 11524543 2 1 8
1 1.01140587242487 11624631 1 1 8
2 1.31129937937149 11624631 1 1 8
3 3.1356890459364 11624631 1 1 8
1 0.992186237710441 11624632 1 1 8
2 0.693336708885789 11624632 1 1 8
3 1.0452296819788 11624632 1 1 8
1 0.988240000924969 11624633 1 1 8
2 1.30259567978718 11624633 1 1 8
3 3.48409893992933 11624633 1 1 8
4 1.01397051863755 11624641 2 1 8
5 2.27259280965785 11624641 2 1 8
6 0 11624641 2 1 8
4 0.995900389117755 11624642 2 1 8
5 1.44854222457984 11624642 2 1 8
6 0 11624642 2 1 8
4 0.983768500040857 11624643 2 1 8
5 1.5725989413553 11624643 2 1 8
6 2.02980625931446 11624643 2 1 8
1 0.956597028182196 11624731 1 1 9
2 0.702040408470094 11624731 1 1 9
3 3.48409893992933 11624731 1 1 9
1 1.02455999504312 11624732 1 1 9
2 1.50574002808488 11624732 1 1 9
3 3.48409893992933 11624732 1 1 9
1 1.01213665701478 11624733 1 1 9
2 1.24166978269705 11624733 1 1 9
3 3.48409893992933 11624733 1 1 9
4 1.00247715003839 11624741 2 1 9
5 2.3913085327561 11624741 2 1 9
6 0 11624741 2 1 9
4 1.02182432051365 11624742 2 1 9
5 1.77895551524796 11624742 2 1 9
6 0 11624742 2 1 9
4 1.03759577631362 11624743 2 1 9
5 1.44044980991738 11624743 2 1 9
6 0 11624743 2 1 9
1 1.0097250678681 11624831 1 1 9
2 1.75814731602974 11624831 1 1 9
3 3.48409893992933 11624831 1 1 9
1 1.01820216911097 11624832 1 1 9
2 0.995181010469509 11624832 1 1 9
3 2.78727915194346 11624832 1 1 9
1 1.01410977540751 11624833 1 1 9
2 1.46796597188899 11624833 1 1 9
3 3.1356890459364 11624833 1 1 9
4 0.922023569844225 11624841 2 1 9
5 0.957575427008559 11624841 2 1 9
6 0 11624841 2 1 9
4 0.959696278030381 11624842 2 1 9
5 1.42831118792369 11624842 2 1 9
6 0 11624842 2 1 9
4 0.994814904305611 11624843 2 1 9
5 2.37245320659257 11624843 2 1 9
6 0 11624843 2 1 9
1 0.993355493054285 11724931 1 1 9
2 0.977773611300898 11724931 1 1 9
3 0.348409893992933 11724931 1 1 9
1 1.04377962975755 11724932 1 1 9
2 0.97185509558357 11724932 1 1 9
3 2.0904593639576 11724932 1 1 9
1 0.953454654445616 11724933 1 1 9
2 1.18666240132423 11724933 1 1 9
3 0.348409893992933 11724933 1 1 9
4 0.997560542359856 11724941 2 1 9
5 0.94414201866888 11724941 2 1 9
6 0 11724941 2 1 9
4 0.982044494750982 11724942 2 1 9
5 0.941390597683644 11724942 2 1 9
6 4.73621460506706 11724942 2 1 9
4 1.01269347768209 11724943 2 1 9
5 0.807865755753101 11724943 2 1 9
6 4.73621460506706 11724943 2 1 9
1 1.01016353862204 11725031 1 1 9
2 1.70592511852391 11725031 1 1 9
3 2.0904593639576 11725031 1 1 9
1 1.06087998916126 11725032 1 1 9
2 1.16629574429696 11725032 1 1 9
3 0 11725032 1 1 9
1 1.01600981534126 11725033 1 1 9
2 0.942958812963675 11725033 1 1 9
3 0 11725033 1 1 9
4 0.996091945261074 11725041 2 1 9
5 1.05606011345066 11725041 2 1 9
6 2.02980625931446 11725041 2 1 9
4 0.978660336219005 11725042 2 1 9
5 1.05338961661205 11725042 2 1 9
6 0 11725042 2 1 9
4 0.996538909595486 11725043 2 1 9
5 1.51999824604933 11725043 2 1 9
6 0 11725043 2 1 9
1 1.04429117897048 11725131 1 1 9
2 1.40129563307321 11725131 1 1 9
3 1.39363957597173 11725131 1 1 9
1 1.01776369835702 11725132 1 1 9
2 1.39555119134757 11725132 1 1 9
3 2.43886925795053 11725132 1 1 9
1 1.0097250678681 11725133 1 1 9
2 1.95258796474313 11725133 1 1 9
3 2.0904593639576 11725133 1 1 9
4 1.03440317392496 11725141 2 1 9
5 0.787634719096958 11725141 2 1 9
6 0 11725141 2 1 9
4 1.0229098053258 11725142 2 1 9
5 1.72910624092723 11725142 2 1 9
6 1.3532041728763 11725142 2 1 9
1 1.0097250678681 11825231 1 1 9
2 0.902225498909125 11825231 1 1 9
3 0.348409893992933 11825231 1 1 9
1 0.969020366210537 11825232 1 1 9
2 0.290181344140751 11825232 1 1 9
3 0.348409893992933 11825232 1 1 9
1 1.02653311343585 11825233 1 1 9
2 1.10832910506548 11825233 1 1 9
3 1.74204946996466 11825233 1 1 9
4 0.999476103793051 11825241 2 1 9
5 1.25569998317348 11825241 2 1 9
6 0 11825241 2 1 9
4 0.984151612327496 11825242 2 1 9
5 0.641971255172728 11825242 2 1 9
6 0 11825242 2 1 9
1 1.0298947225494 11825331 1 1 9
2 0.876114400156208 11825331 1 1 9
3 0 11825331 1 1 9
1 1.02624079959989 11825332 1 1 9
2 1.08221800631257 11825332 1 1 9
3 0 11825332 1 1 9
1 1.02477923042009 11825333 1 1 9
2 0.867410700571902 11825333 1 1 9
3 0 11825333 1 1 9
4 1.03887281726908 11825341 2 1 9
5 0.894211820201519 11825341 2 1 9
6 0 11825341 2 1 9
4 1.07526848449977 11825342 2 1 9
5 1.17340012605629 11825342 2 1 9
6 4.05961251862891 11825342 2 1 9
4 1.01971720293714 11825343 2 1 9
5 1.01422232964576 11825343 2 1 9
6 1.3532041728763 11825343 2 1 9
1 0.986047647155262 11825431 1 1 9
2 1.06185134928529 11825431 1 1 9
3 0 11825431 1 1 9
1 0.927146409209131 11825432 1 1 9
2 0.847218117536313 11825432 1 1 9
3 0 11825432 1 1 9
1 0.988020765547998 11825433 1 1 9
2 0.841299601818985 11825433 1 1 9
3 0 11825433 1 1 9
4 0.999092991506412 11825441 2 1 9
5 0.882073198207833 11825441 2 1 9
6 0 11825441 2 1 9
4 0.822605931461437 11825442 2 1 9
5 0.619069721677975 11825442 2 1 9
6 0 11825442 2 1 9
4 0.956950639976136 11825443 2 1 9
5 0.878026990876605 11825443 2 1 9
6 4.05961251862891 11825443 2 1 9
1 0.940739002581315 11925531 1 1 10
2 0.97185509558357 11925531 1 1 10
3 0.348409893992933 11925531 1 1 10
1 0.981443704238877 11925532 1 1 10
2 0.969069911716592 11925532 1 1 10
3 0 11925532 1 1 10
1 0.972455053783078 11925533 1 1 10
2 0.963151395999264 11925533 1 1 10
3 0 11925533 1 1 10
4 1.01735467716953 11925541 2 1 10
5 1.49976720939319 11925541 2 1 10
6 0 11925541 2 1 10
4 0.950118470864409 11925542 2 1 10
5 1.19767737004366 11925542 2 1 10
6 0 11925542 2 1 10
4 0.983768500040857 11925543 2 1 10
5 0.838940628056936 11925543 2 1 10
6 1.3532041728763 11925543 2 1 10
1 1.00577883108263 11925631 1 1 10
2 0.739814464665981 11925631 1 1 10
3 0.348409893992933 11925631 1 1 10
1 1.00314800655898 11925632 1 1 10
2 0.736855206807317 11925632 1 1 10
3 1.39363957597173 11925632 1 1 10
1 1.00848273406526 11925633 1 1 10
2 1.49129188677493 11925633 1 1 10
3 0.348409893992933 11925633 1 1 10
4 0.980320489461107 11925641 2 1 10
5 0.569139523210614 11925641 2 1 10
6 0 11925641 2 1 10
4 0.971189646629547 11925642 2 1 10
5 0.828096792409244 11925642 2 1 10
6 0.676602086438152 11925642 2 1 10
4 1.03631873535816 11925643 2 1 10
5 1.29745684283176 11925643 2 1 10
6 0 11925643 2 1 10
1 0.998251749806631 11925731 1 1 10
2 0.359810940815196 11925731 1 1 10
3 0 11925731 1 1 10
1 0.954916223625421 11925732 1 1 10
2 0.890736615457841 11925732 1 1 10
3 1.74204946996466 11925732 1 1 10
1 0.968070346243663 11925733 1 1 10
2 0.879073658014871 11925733 1 1 10
3 2.78727915194346 11925733 1 1 10
4 0.978404928027913 11925741 2 1 10
5 1.17340012605629 11925741 2 1 10
6 1.3532041728763 11925741 2 1 10
4 0.981214418129931 11925742 2 1 10
5 1.17072962921768 11925742 2 1 10
6 0 11925742 2 1 10
4 0.994623348162292 11925743 2 1 10
5 1.16530771139383 11925743 2 1 10
6 0 11925743 2 1 10
1 1.06234155834107 12025832 1 1 10
2 0.626666370070007 12025832 1 1 10
3 0 12025832 1 1 10
1 1.00285569272302 12025833 1 1 10
2 0.620921928344366 12025833 1 1 10
3 0 12025833 1 1 10
4 1.00739375771692 12025841 2 1 10
5 1.2610409768507 12025841 2 1 10
6 0.676602086438152 12025841 2 1 10
4 1.0045842676149 12025842 2 1 10
5 1.02231474430822 12025842 2 1 10
6 3.38301043219076 12025842 2 1 10
4 1.01780164150394 12025843 2 1 10
5 1.42693547743108 12025843 2 1 10
6 0 12025843 2 1 10
1 0.990432354694676 12025931 1 1 10
2 0.803699619614785 12025931 1 1 10
3 1.74204946996466 12025931 1 1 10
1 1.03530252851468 12025932 1 1 10
2 1.06185134928529 12025932 1 1 10
3 1.0452296819788 12025932 1 1 10
1 1.01067508783497 12025933 1 1 10
2 0.586107130007143 12025933 1 1 10
3 0.696819787985866 12025933 1 1 10
4 1.02501692290231 12025941 2 1 10
5 1.11270701608786 12025941 2 1 10
6 0 12025941 2 1 10
4 1.0131404420165 12025943 2 1 10
5 1.10866080875663 12025943 2 1 10
6 0 12025943 2 1 10
1 0.953673889822587 12026031 1 1 10
2 1.32592159467312 12026031 1 1 10
3 0.696819787985866 12026031 1 1 10
1 0.96098173572161 12026032 1 1 10
2 0.565740472979868 12026032 1 1 10
3 0 12026032 1 1 10
1 1.03186784094214 12026033 1 1 10
2 0.559996031254226 12026033 1 1 10
3 0 12026033 1 1 10
4 1.03887281726908 12026041 2 1 10
5 0.999413210813462 12026041 2 1 10
6 0 12026041 2 1 10
4 0.995453424783343 12026042 2 1 10
5 0.74854835627729 12026042 2 1 10
6 1.3532041728763 12026042 2 1 10
4 1.00867079867238 12026043 2 1 10
5 0.86855886572153 12026043 2 1 10
6 0 12026043 2 1 10
1 1.01286744160468 12126131 1 1 10
2 0.542588632085615 12126131 1 1 10
3 0 12126131 1 1 10
1 0.947827613103368 12126132 1 1 10
2 1.00666989392079 12126132 1 1 10
3 0.348409893992933 12126132 1 1 10
1 1.01798293373399 12126133 1 1 10
2 1.00092545219515 12126133 1 1 10
3 0 12126133 1 1 10
4 0.994367939971199 12126141 2 1 10
5 1.08575927526188 12126141 2 1 10
6 0 12126141 2 1 10
4 0.984790132805227 12126142 2 1 10
5 0.735034023790986 12126142 2 1 10
6 0 12126142 2 1 10
4 0.985684061474051 12126143 2 1 10
5 0.732363526952375 12126143 2 1 10
6 0 12126143 2 1 10
1 1.03332941012194 12126232 1 1 10
2 0.983518053026539 12126232 1 1 10
3 0 12126232 1 1 10
1 0.992624708464383 12126233 1 1 10
2 0.51055901761537 12126233 1 1 10
3 2.43886925795053 12126233 1 1 10
4 0.895844230257235 12126241 2 1 10
5 0.973760256333473 12126241 2 1 10
6 0 12126241 2 1 10
4 1.01863171812499 12126242 2 1 10
5 0.845657332226776 12126242 2 1 10
6 0 12126242 2 1 10
4 1.0269324843355 12126243 2 1 10
5 0.721600615451307 12126243 2 1 10
6 0 12126243 2 1 10
1 1.00095565278927 12126331 1 1 11
2 0.951662512547981 12126331 1 1 11
3 0 12126331 1 1 11
1 1.02945625179546 12126332 1 1 11
2 1.50278077022621 12126332 1 1 11
3 0.696819787985866 12126332 1 1 11
1 1.01432901078448 12126333 1 1 11
2 0.6731441258502 12126333 1 1 11
3 0 12126333 1 1 11
4 1.02801796914765 12126341 2 1 11
5 0.954904930169948 12126341 2 1 11
6 1.3532041728763 12126341 2 1 11
4 0.957142196119455 12126342 2 1 11
5 1.1760706228949 12126342 2 1 11
6 1.3532041728763 12126342 2 1 11
4 0.950118470864409 12126343 2 1 11
5 0.577231937873071 12126343 2 1 11
6 1.3532041728763 12126343 2 1 11
1 0.961712520311513 12226431 1 1 11
2 1.20981424221849 12226431 1 1 11
3 0 12226431 1 1 11
1 0.969531915423468 12226432 1 1 11
2 1.4766696714733 12226432 1 1 11
3 1.0452296819788 12226432 1 1 11
1 0.966608777063859 12226433 1 1 11
2 0.916847714210758 12226433 1 1 11
3 1.0452296819788 12226433 1 1 11
4 0.987152658572834 12226441 2 1 11
5 0.848327829065387 12226441 2 1 11
6 0 12226441 2 1 11
4 0.973296764206061 12226442 2 1 11
5 0.432944184441459 12226442 2 1 11
6 0.676602086438152 12226442 2 1 11
1 0.998763299019563 12226531 1 1 11
2 0.440929420940925 12226531 1 1 11
3 0.348409893992933 12226531 1 1 11
1 1.03530252851468 12226533 1 1 11
2 0.626666370070007 12226533 1 1 11
3 0 12226533 1 1 11
4 1.01633304440516 12226541 2 1 11
5 0.68518474947025 12226541 2 1 11
6 0 12226541 2 1 11
4 0.990345260961491 12226542 2 1 11
5 0.683809038977632 12226542 2 1 11
6 0 12226542 2 1 11
4 0.909891680767327 12226543 2 1 11
5 0.295373135179687 12226543 2 1 11
6 0 12226543 2 1 11
1 1.01089432321194 12226631 1 1 11
2 0.615003412627038 12226631 1 1 11
3 0 12226631 1 1 11
1 0.982686038041711 12226632 1 1 11
2 0.870369958430566 12226632 1 1 11
3 0.348409893992933 12226632 1 1 11
1 0.917865444917371 12226633 1 1 11
2 1.69426216108094 12226633 1 1 11
3 0 12226633 1 1 11
4 0.913275839299304 12226641 2 1 11
5 0.675716624315175 12226641 2 1 11
6 0 12226641 2 1 11
4 0.991175337582542 12226642 2 1 11
5 0.289951217355841 12226642 2 1 11
6 1.3532041728763 12226642 2 1 11
4 0.893290148346309 12226643 2 1 11
5 0.28728072051723 12226643 2 1 11
6 0 12226643 2 1 11
1 1.03530252851468 122431 1 1 3
2 0.644073769238619 122431 1 1 3
3 3.1356890459364 122431 1 1 3
1 1.05064900490263 122432 1 1 3
2 0.382962781709449 122432 1 1 3
3 0.696819787985866 122432 1 1 3
1 1.03501021467872 122433 1 1 3
2 0.377218339983807 122433 1 1 3
3 2.78727915194346 122433 1 1 3
4 1.02207972870474 122441 2 1 3
5 0.465313843091288 122441 2 1 3
6 0.676602086438152 122441 2 1 3
4 0.987791179050565 122442 2 1 3
5 1.53084208169703 122442 2 1 3
6 0 122442 2 1 3
1 0.934673490485125 122531 1 1 3
2 0.896481057183483 122531 1 1 3
3 0.348409893992933 122531 1 1 3
1 0.997740200593699 122532 1 1 3
2 0.342403541646585 122532 1 1 3
3 0 122532 1 1 3
1 0.926415624619229 122533 1 1 3
2 0.333699842062279 122533 1 1 3
3 1.74204946996466 122533 1 1 3
4 0.95094854748546 122541 2 1 3
5 1.11003651924925 122541 2 1 3
6 0 122541 2 1 3
4 0.969082529053033 122543 2 1 3
5 1.50923533454826 122543 2 1 3
6 0.676602086438152 122543 2 1 3
1 0.993867042267217 122631 1 1 3
2 0.304629485450698 122631 1 1 3
3 0.348409893992933 122631 1 1 3
1 0.992405473087412 122632 1 1 3
2 0.281477644556445 122632 1 1 3
3 0.696819787985866 122632 1 1 3
1 0.93006954756874 122633 1 1 3
2 0.278518386697781 122633 1 1 3
3 1.39363957597173 122633 1 1 3
4 0.990153704818171 122641 2 1 3
5 0.689230956801478 122641 2 1 3
6 0 122641 2 1 3
4 0.959249313695969 122642 2 1 3
5 1.25294856218825 122642 2 1 3
6 0.676602086438152 122642 2 1 3
4 1.00330722665944 122643 2 1 3
5 0.144287753431612 122643 2 1 3
6 0.676602086438152 122643 2 1 3
1 0.958789381951903 12326731 1 1 11
2 0.533884932501309 12326731 1 1 11
3 0 12326731 1 1 11
1 0.93321192130532 12326732 1 1 11
2 1.35777713515168 12326732 1 1 11
3 1.0452296819788 12326732 1 1 11
1 1.0426103744137 12326733 1 1 11
2 1.0705550488696 12326733 1 1 11
3 0.348409893992933 12326733 1 1 11
4 0.969912605674084 12326743 2 1 11
5 1.28264772399946 12326743 2 1 11
6 0 12326743 2 1 11
1 0.984147607221516 12326832 1 1 11
2 1.32592159467312 12326832 1 1 11
3 0 12326832 1 1 11
1 0.975816662896628 12326833 1 1 11
2 1.84222505401414 12326833 1 1 11
3 0.348409893992933 12326833 1 1 11
4 1.02437840242458 12326841 2 1 11
5 0.496307791248499 12326841 2 1 11
6 0.676602086438152 12326841 2 1 11
4 0.996730465738805 12326842 2 1 11
5 1.43373310574754 12326842 2 1 11
6 0 12326842 2 1 11
4 0.992707786729097 12326843 2 1 11
5 0.864512658390301 12326843 2 1 11
6 0.676602086438152 12326843 2 1 11
1 0.98239372420575 12326931 1 1 11
2 0.739814464665981 12326931 1 1 11
3 2.43886925795053 12326931 1 1 11
1 0.972674289160048 12326932 1 1 11
2 1.29981049592021 12326932 1 1 11
3 0 12326932 1 1 11
1 0.929046449142877 12326933 1 1 11
2 1.55500296773205 12326933 1 1 11
3 0.696819787985866 12326933 1 1 11
4 0.990792225295903 12326941 2 1 11
5 0.958951137501176 12326941 2 1 11
6 0.676602086438152 12326941 2 1 11
4 1.00483967580599 12326942 2 1 11
5 0.732363526952375 12326942 2 1 11
6 3.38301043219076 12326942 2 1 11
4 1.00075314474851 12326943 2 1 11
5 1.07362065326819 12326943 2 1 11
6 0.676602086438152 12326943 2 1 11
1 1.04282960979068 12427031 1 1 11
2 0.992221752610845 12427031 1 1 11
3 0.348409893992933 12427031 1 1 11
1 0.989263099350832 12427032 1 1 11
2 0.704999666328758 12427032 1 1 11
3 2.43886925795053 12427032 1 1 11
1 0.988970785514871 12427033 1 1 11
2 0.702040408470094 12427033 1 1 11
3 0.696819787985866 12427033 1 1 11
4 1.00611671676146 12427042 2 1 11
5 1.39594152927386 12427042 2 1 11
6 0 12427042 2 1 11
4 1.02910345395979 12427043 2 1 11
5 1.05873061028927 12427043 2 1 11
6 0 12427043 2 1 11
4 1.07016032067792 12427141 2 1 12
5 1.22737653185488 12427141 2 1 12
6 2.70640834575261 12427141 2 1 12
4 1.00930931915012 12427142 2 1 12
5 0.5812781452043 12427142 2 1 12
6 2.02980625931446 12427142 2 1 12
1 1.01264820622771 12427231 1 1 12
2 1.33462529425743 12427231 1 1 12
3 1.74204946996466 12427231 1 1 12
1 0.970993484603273 12427232 1 1 12
2 0.658521910548566 12427232 1 1 12
3 0.696819787985866 12427232 1 1 12
1 0.988020765547998 12427233 1 1 12
2 0.391666481293755 12427233 1 1 12
3 1.39363957597173 12427233 1 1 12
4 1.03804274064803 12427241 2 1 12
5 0.821380088239404 12427241 2 1 12
6 0 12427241 2 1 12
4 0.996730465738805 12427242 2 1 12
5 0.818709591400793 12427242 2 1 12
6 0 12427242 2 1 12
4 1.00203018570398 12427243 2 1 12
5 1.158591007224 12427243 2 1 12
6 1.3532041728763 12427243 2 1 12
1 0.895430358007368 12527331 1 1 12
2 0.371299824266479 12527331 1 1 12
3 0 12527331 1 1 12
1 0.983636058008584 12527332 1 1 12
2 0.493151618446759 12527332 1 1 12
3 0.348409893992933 12527332 1 1 12
1 0.956816263559167 12527333 1 1 12
2 1.70296586066524 12527333 1 1 12
3 0 12527333 1 1 12
4 0.994623348162292 12527341 2 1 12
5 1.35952566329281 12527341 2 1 12
6 0 12527341 2 1 12
4 0.892651627868578 12527342 2 1 12
5 0.904974731702587 12527342 2 1 12
6 3.38301043219076 12527342 2 1 12
4 1.0150560034497 12527343 2 1 12
5 0.902304234863976 12527343 2 1 12
6 0 12527343 2 1 12
1 1.03208707631911 12527431 1 1 12
2 1.66815106232802 12527431 1 1 12
3 0.696819787985866 12527431 1 1 12
1 0.968289581620634 12527432 1 1 12
2 1.14314390340271 12527432 1 1 12
3 0.696819787985866 12527432 1 1 12
1 1.0426103744137 12527433 1 1 12
2 1.50869928594354 12527433 1 1 12
3 0 12527433 1 1 12
4 1.01058636010558 12527441 2 1 12
5 1.61039051782898 12527441 2 1 12
6 0.676602086438152 12527441 2 1 12
4 1.02757100481323 12527442 2 1 12
5 1.00750562547592 12527442 2 1 12
6 0.676602086438152 12527442 2 1 12
1 1.01308667698165 12527531 1 1 12
2 1.11981798851677 12527531 1 1 12
3 1.0452296819788 12527531 1 1 12
1 1.02799468261566 12527532 1 1 12
2 1.37814379217896 12527532 1 1 12
3 0 12527532 1 1 12
1 1.040418020644 12527533 1 1 12
2 2.10925455726063 12527533 1 1 12
3 0 12527533 1 1 12
4 0.968635564718621 12527541 2 1 12
5 1.48495809056089 12527541 2 1 12
6 0 12527541 2 1 12
4 0.971828167107279 12527542 2 1 12
5 1.46739755074336 12527542 2 1 12
6 0.676602086438152 12527542 2 1 12
4 1.01397051863755 12527543 2 1 12
5 1.92866518650342 12527543 2 1 12
6 0 12527543 2 1 12
1 1.03676409769449 12627631 1 1 12
2 1.09666614762251 12627631 1 1 12
3 1.0452296819788 12627631 1 1 12
1 0.959300931164835 12627632 1 1 12
2 0.55129233166992 12627632 1 1 12
3 0 12627632 1 1 12
1 1.02624079959989 12627633 1 1 12
2 1.60443998137091 12627633 1 1 12
3 0.696819787985866 12627633 1 1 12
4 0.940349107555118 12627642 2 1 12
5 1.03849957363313 12627642 2 1 12
6 0 12627642 2 1 12
4 0.870750375482389 12627643 2 1 12
5 0.296748845672305 12627643 2 1 12
6 1.3532041728763 12627643 2 1 12
1 1.04575274815028 12627731 1 1 12
2 0.501855318031064 12627731 1 1 12
3 0 12627731 1 1 12
1 1.02068683671663 12627732 1 1 12
2 0.780373704728845 12627732 1 1 12
3 0 12627732 1 1 12
1 1.04136804061087 12627733 1 1 12
2 0.777588520861867 12627733 1 1 12
3 0 12627733 1 1 12
4 1.00011462427078 12627741 2 1 12
5 1.56450652669285 12627741 2 1 12
6 0 12627741 2 1 12
4 1.02354832580353 12627742 2 1 12
5 1.08300785427665 12627742 2 1 12
6 0 12627742 2 1 12
1 0.870583681950688 12627831 1 1 12
2 0.475744219278147 12627831 1 1 12
3 0.348409893992933 12627831 1 1 12
1 0.938838962647569 12627832 1 1 12
2 0.757221863834592 12627832 1 1 12
3 1.39363957597173 12627832 1 1 12
1 0.924661741603463 12627833 1 1 12
2 0.205929532164672 12627833 1 1 12
3 0 12627833 1 1 12
4 1.0167161566918 12627842 2 1 12
5 1.07086923228296 12627842 2 1 12
6 0 12627842 2 1 12
4 0.966720003285427 12627843 2 1 12
5 0.608306810176907 12627843 2 1 12
6 0 12627843 2 1 12
1 0.97925135046917 12727931 1 1 13
2 1.74073991686113 12727931 1 1 13
3 0.348409893992933 12727931 1 1 13
1 0.998763299019563 12727932 1 1 13
2 1.25629199799868 12727932 1 1 13
3 1.0452296819788 12727932 1 1 13
1 0.884030118404891 12727933 1 1 13
2 1.25333274014001 12727933 1 1 13
3 0 12727933 1 1 13
4 0.962888880419038 12727941 2 1 13
5 1.05201390611943 12727941 2 1 13
6 0 12727941 2 1 13
4 0.929877371720322 12727942 2 1 13
5 0.813287673576947 12727942 2 1 13
6 0.676602086438152 12727942 2 1 13
4 0.90650752223535 12727943 2 1 13
5 1.04796769878821 12727943 2 1 13
6 0 12727943 2 1 13
1 0.991163139284578 12728031 1 1 13
2 1.48833262891627 12728031 1 1 13
3 0 12728031 1 1 13
1 0.958277832738972 12728032 1 1 13
2 1.4853733710576 12728032 1 1 13
3 1.39363957597173 12728032 1 1 13
1 0.987289980958096 12728033 1 1 13
2 1.24758829841437 12728033 1 1 13
3 0.696819787985866 12728033 1 1 13
4 0.961803395606895 12728041 2 1 13
5 1.91523177816374 12728041 2 1 13
6 0 12728041 2 1 13
4 0.945010307042557 12728043 2 1 13
5 1.0344533663019 12728043 2 1 13
6 0 12728043 2 1 13
1 0.994597826857119 12728131 1 1 13
2 1.45926227230469 12728131 1 1 13
3 0 12728131 1 1 13
1 0.995547846823992 12728132 1 1 13
2 1.67406957804535 12728132 1 1 13
3 0.348409893992933 12728132 1 1 13
1 0.98560917640132 12728133 1 1 13
2 1.93222130771586 12728133 1 1 13
3 0.348409893992933 12728133 1 1 13
4 0.950565435198821 12728141 2 1 13
5 1.23409323602472 12728141 2 1 13
6 0 12728141 2 1 13
4 0.975659289973667 12728143 2 1 13
5 0.780918014927118 12728143 2 1 13
6 0.676602086438152 12728143 2 1 13
1 1.01600981534126 12828231 1 1 13
2 1.64203996357511 12828231 1 1 13
3 2.0904593639576 12828231 1 1 13
1 1.02653311343585 12828232 1 1 13
2 1.16055130257132 12828232 1 1 13
3 0.696819787985866 12828232 1 1 13
1 1.03603331310458 12828233 1 1 13
2 1.15759204471265 12828233 1 1 13
3 2.43886925795053 12828233 1 1 13
4 1.03587177102374 12828241 2 1 13
5 1.01155183280715 12828241 2 1 13
6 4.05961251862891 12828241 2 1 13
4 1.00630827290478 12828242 2 1 13
5 0.671670416983946 12828242 2 1 13
6 4.73621460506706 12828242 2 1 13
4 0.986514138095102 12828243 2 1 13
5 0.786339932750965 12828243 2 1 13
6 0.676602086438152 12828243 2 1 13
1 1.04648353274019 12828331 1 1 13
2 1.13722538768538 12828331 1 1 13
3 0 12828331 1 1 13
1 1.04209882520077 12828332 1 1 13
2 1.1344402038184 12828332 1 1 13
3 0 12828332 1 1 13
1 0.998982534396534 12828333 1 1 13
2 1.38963267563024 12828333 1 1 13
3 0.696819787985866 12828333 1 1 13
4 1.0312105715363 12828342 2 1 13
5 1.6967365822774 12828342 2 1 13
6 0 12828342 2 1 13
4 0.96799704424089 12828343 2 1 13
5 1.81537138122902 12828343 2 1 13
6 0 12828343 2 1 13
1 0.87752613555476 12828431 1 1 13
2 1.62184738053952 12828431 1 1 13
3 0 12828431 1 1 13
1 0.920057798687078 12828432 1 1 13
2 1.36944009259465 12828432 1 1 13
3 0 12828432 1 1 13
1 0.996059396036924 12828433 1 1 13
2 0.57148491470551 12828433 1 1 13
3 0 12828433 1 1 13
4 0.968444008575302 12828441 2 1 13
5 0.86855886572153 12828441 2 1 13
6 0 12828441 2 1 13
4 0.984151612327496 12828442 2 1 13
5 0.641971255172728 12828442 2 1 13
6 0 12828442 2 1 13
4 0.996091945261074 12828443 2 1 13
5 2.0514271169329 12828443 2 1 13
6 0 12828443 2 1 13
1 1.05474139860608 12928531 1 1 13
2 1.09370688976385 12928531 1 1 13
3 1.74204946996466 12928531 1 1 13
1 0.94855839769327 12928532 1 1 13
2 1.34611417770871 12928532 1 1 13
3 0 12928532 1 1 13
1 0.972455053783078 12928533 1 1 13
2 1.08221800631257 12928533 1 1 13
3 3.48409893992933 12928533 1 1 13
4 0.986961102429514 12928541 2 1 13
5 0.97246546998748 12928541 2 1 13
6 0 12928541 2 1 13
4 1.00630827290478 12928542 2 1 13
5 0.855125457381851 12928542 2 1 13
6 1.3532041728763 12928542 2 1 13
4 1.0045842676149 12928543 2 1 13
5 0.853749746889233 12928543 2 1 13
6 2.02980625931446 12928543 2 1 13
1 1.03062550713931 12928631 1 1 13
2 1.06481060714395 12928631 1 1 13
3 0.348409893992933 12928631 1 1 13
1 1.00753271409839 12928632 1 1 13
2 0.519262717199676 12928632 1 1 13
3 0 12928632 1 1 13
1 1.02068683671663 12928633 1 1 13
2 1.16055130257132 12928633 1 1 13
3 0 12928633 1 1 13
4 0.98504554099632 12928641 2 1 13
5 1.43640360258615 12928641 2 1 13
6 0 12928641 2 1 13
4 0.981852938607663 12928642 2 1 13
5 0.72022490495869 12928642 2 1 13
6 1.3532041728763 12928642 2 1 13
4 1.01250192153877 12928643 2 1 13
5 0.497683501741117 12928643 2 1 13
6 0 12928643 2 1 13
1 0.958277832738972 12928731 1 1 14
2 1.28518828061857 12928731 1 1 14
3 0 12928731 1 1 14
1 1.02039452288067 12928732 1 1 14
2 1.27944383889293 12928732 1 1 14
3 0.696819787985866 12928732 1 1 14
1 0.977570545912394 12928733 1 1 14
2 1.49129188677493 12928733 1 1 14
3 0 12928733 1 1 14
4 1.03823429679135 12928741 2 1 14
5 1.50785962405565 12928741 2 1 14
6 0 12928741 2 1 14
4 1.0131404420165 12928743 2 1 14
5 0.934673893513805 12928743 2 1 14
6 0 12928743 2 1 14
1 0.97632821210956 13028831 1 1 14
2 0.438144237073947 13028831 1 1 14
3 0.348409893992933 13028831 1 1 14
1 0.995840160659953 13028832 1 1 14
2 0.980558795167875 13028832 1 1 14
3 0.348409893992933 13028832 1 1 14
1 0.978301330502297 13028833 1 1 14
2 0.783332962587509 13028833 1 1 14
3 0 13028833 1 1 14
4 0.914552880254767 13028841 2 1 14
5 0.582653855696917 13028841 2 1 14
6 0 13028841 2 1 14
4 0.981852938607663 13028842 2 1 14
5 1.39189532194264 13028842 2 1 14
6 1.3532041728763 13028842 2 1 14
1 1.08134195767853 13028931 1 1 14
2 1.41574377438316 13028931 1 1 14
3 0.348409893992933 13028931 1 1 14
1 1.03237939015507 13028932 1 1 14
2 1.19240684304988 13028932 1 1 14
3 0 13028932 1 1 14
1 1.0187137183239 13028933 1 1 14
2 0.937040297246347 13028933 1 1 14
3 0 13028933 1 1 14
4 1.06249807494515 13028941 2 1 14
5 0.902304234863976 13028941 2 1 14
6 0 13028941 2 1 14
4 1.04417253723425 13028942 2 1 14
5 1.72635481994199 13028942 2 1 14
6 0 13028942 2 1 14
4 1.02463381061567 13028943 2 1 14
5 0.94414201866888 13028943 2 1 14
6 0 13028943 2 1 14
1 1.05649528162185 13029031 1 1 14
2 1.30555493764585 13029031 1 1 14
3 0 13029031 1 1 14
1 1.01527903075136 13029032 1 1 14
2 1.08500319017954 13029032 1 1 14
3 3.48409893992933 13029032 1 1 14
1 1.04743355270706 13029033 1 1 14
2 0.826851460509038 13029033 1 1 14
3 0 13029033 1 1 14
4 0.997177430073218 13029041 2 1 14
5 1.41884306276862 13029041 2 1 14
6 2.02980625931446 13029041 2 1 14
4 1.00739375771692 13029042 2 1 14
5 1.67245933829003 13029042 2 1 14
6 0 13029042 2 1 14
4 1.03804274064803 13029043 2 1 14
5 1.07086923228296 13029043 2 1 14
6 0 13029043 2 1 14
1 1.04772586654302 13129131 1 2 78
2 0.635718217637685 13129131 1 2 78
3 0.348409893992933 13129131 1 2 78
1 0.973916622962882 13129132 1 2 78
2 0.632410811795649 13129132 1 2 78
3 2.0904593639576 13129132 1 2 78
1 1.05357214326224 13129133 1 2 78
2 0.9225921559364 13129133 1 2 78
3 0.348409893992933 13129133 1 2 78
4 1.00630827290478 13129141 2 2 78
5 0.615023514346746 13129141 2 2 78
6 1.3532041728763 13129141 2 2 78
4 1.03140212767962 13129142 2 2 78
5 0.824050585078015 13129142 2 2 78
6 2.70640834575261 13129142 2 2 78
4 1.00356263485053 13129143 2 2 78
5 0.821380088239404 13129143 2 2 78
6 4.73621460506706 13129143 2 2 78
1 0.997301729839758 13129232 1 2 78
2 0.902225498909125 13129232 1 2 78
3 2.78727915194346 13129232 1 2 78
1 0.977278232076433 13129233 1 2 78
2 0.586107130007143 13129233 1 2 78
3 3.48409893992933 13129233 1 2 78
4 1.01288503382541 13129242 2 2 78
5 0.42622748027162 13129242 2 2 78
6 2.70640834575261 13129242 2 2 78
4 1.00930931915012 13129243 2 2 78
5 0.930627686182576 13129243 2 2 78
6 5.41281669150522 13129243 2 2 78
1 0.987289980958096 13129331 1 2 79
2 0.992221752610845 13129331 1 2 79
3 3.48409893992933 13129331 1 2 79
1 0.980712919648974 13129332 1 2 79
2 1.61592886482219 13129332 1 2 79
3 1.74204946996466 13129332 1 2 79
1 1.01893295370087 13129333 1 2 79
2 0.786292220446173 13129333 1 2 79
3 0 13129333 1 2 79
4 1.00100855293961 13129341 2 2 79
5 0.548908486554471 13129341 2 2 79
6 0.676602086438152 13129341 2 2 79
4 1.00164707341734 13129342 2 2 79
5 0.374921571311641 13129342 2 2 79
6 0 13129342 2 2 79
4 0.983768500040857 13129343 2 2 79
5 0.543567492877249 13129343 2 2 79
6 5.41281669150522 13129343 2 2 79
1 0.975085878306726 13229431 1 2 79
2 0.966110653857928 13229431 1 2 79
3 0 13229431 1 2 79
1 0.977789781289365 13229432 1 2 79
2 0.769929265227679 13229432 1 2 79
3 0.348409893992933 13229432 1 2 79
1 0.956377792805226 13229433 1 2 79
2 0.760181121693256 13229433 1 2 79
3 1.0452296819788 13229433 1 2 79
4 1.01971720293714 13229442 2 2 79
5 1.11537751292647 13229442 2 2 79
6 0 13229442 2 2 79
4 1.06185955446741 13229443 2 2 79
5 0.361488162971962 13229443 2 2 79
6 6.08941877794337 13229443 2 2 79
1 0.966828012440829 13229631 1 2 79
2 1.27996606086799 13229631 1 2 79
3 0 13229631 1 2 79
1 1.00460957573878 13229632 1 2 79
2 0.443888678799589 13229632 1 2 79
3 0 13229632 1 2 79
1 0.983416822631613 13229633 1 2 79
2 1.0992772574978 13229633 1 2 79
3 0.348409893992933 13229633 1 2 79
4 0.965442962329964 13229641 2 2 79
5 0.35064432732427 13229641 2 2 79
6 0 13229641 2 2 79
4 1.03568021488042 13229642 2 2 79
5 0.519290248889878 13229642 2 2 79
6 0 13229642 2 2 79
4 0.987344214716153 13229643 2 2 79
5 1.85720916503392 13229643 2 2 79
6 0 13229643 2 2 79
1 0.961200971098581 132731 1 1 4
2 1.5318511268378 132731 1 1 4
3 3.48409893992933 132731 1 1 4
1 0.918376994130302 132732 1 1 4
2 1.36352157687732 132732 1 1 4
3 0.696819787985866 132732 1 1 4
1 0.924954055439424 132733 1 1 4
2 1.35203269342604 132733 1 1 4
3 0.696819787985866 132733 1 1 4
4 0.869026370192514 132741 2 1 4
5 0.72022490495869 132741 2 1 4
6 1.3532041728763 132741 2 1 4
4 0.953502629396386 132742 2 1 4
5 0.640676468826735 132742 2 1 4
6 1.3532041728763 132742 2 1 4
4 0.978213371884593 132743 2 1 4
5 0.838940628056936 132743 2 1 4
6 2.02980625931446 132743 2 1 4
1 0.965147207884054 132831 1 1 4
2 0.945743996830653 132831 1 1 4
3 1.0452296819788 132831 1 1 4
1 0.992624708464383 132833 1 1 4
2 0.641114511379955 132833 1 1 4
3 0 132833 1 1 4
4 1.03267916863509 132841 2 1 4
5 1.18553874804998 132841 2 1 4
6 0.676602086438152 132841 2 1 4
4 0.959696278030381 132842 2 1 4
5 0.42622748027162 132842 2 1 4
6 0 132842 2 1 4
4 0.971189646629547 132843 2 1 4
5 0.620445432170592 132843 2 1 4
6 0.676602086438152 132843 2 1 4
1 1.00387879114888 132931 1 1 4
2 1.73499547513549 132931 1 1 4
3 0 132931 1 1 4
1 0.885930158338638 132932 1 1 4
2 1.28814753847724 132932 1 1 4
3 1.74204946996466 132932 1 1 4
1 1.04721431733009 132933 1 1 4
2 1.44481413099474 132933 1 1 4
3 2.43886925795053 132933 1 1 4
4 1.02463381061567 132941 2 1 4
5 1.28402343449208 132941 2 1 4
6 0 132941 2 1 4
4 0.978851892362325 132942 2 1 4
5 0.408666940454088 132942 2 1 4
6 0 132942 2 1 4
1 0.941469787171217 13329731 1 2 79
2 0.841299601818985 13329731 1 2 79
3 2.0904593639576 13329731 1 2 79
1 1.06767628584736 13329732 1 2 79
2 0.783332962587509 13329732 1 2 79
3 3.48409893992933 13329732 1 2 79
1 0.97610897673259 13329733 1 2 79
2 0.409073880462366 13329733 1 2 79
3 0.696819787985866 13329733 1 2 79
4 1.01460903911529 13329741 2 2 79
5 0.588075773520764 13329741 2 2 79
6 4.05961251862891 13329741 2 2 79
4 1.03267916863509 13329742 2 2 79
5 0.587185607907893 13329742 2 2 79
6 5.41281669150522 13329742 2 2 79
4 1.01480059525861 13329743 2 2 79
5 0.404620733122859 13329743 2 2 79
6 1.3532041728763 13329743 2 2 79
1 1.06716473663442 13329831 1 2 79
2 0.684633009301483 13329831 1 2 79
3 1.74204946996466 13329831 1 2 79
1 1.07374179794355 13329832 1 2 79
2 0.658521910548566 13329832 1 2 79
3 2.0904593639576 13329832 1 2 79
1 1.06161077375117 13329833 1 2 79
2 1.02999580880673 13329833 1 2 79
3 0 13329833 1 2 79
4 1.00056158860519 13329841 2 2 79
5 0.647393172996575 13329841 2 2 79
6 0.676602086438152 13329841 2 2 79
4 1.05228174730144 13329842 2 2 79
5 0.633878840510271 13329842 2 2 79
6 6.08941877794337 13329842 2 2 79
4 0.990345260961491 13329843 2 2 79
5 0.606931099684289 13329843 2 2 79
6 5.41281669150522 13329843 2 2 79
1 0.954916223625421 13329932 1 2 79
2 0.635718217637685 13329932 1 2 79
3 0 13329932 1 2 79
1 1.03793335303833 13329933 1 2 79
2 1.16838463219719 13329933 1 2 79
3 1.39363957597173 13329933 1 2 79
4 0.962250359941307 13329941 2 2 79
5 0.554330404378317 13329941 2 2 79
6 0.676602086438152 13329941 2 2 79
4 1.00675523723919 13329942 2 2 79
5 0.389811614290563 13329942 2 2 79
6 6.08941877794337 13329942 2 2 79
1 0.967558797030732 134210032 1 2 79
2 0.588892313874121 134210032 1 2 79
3 0 134210032 1 2 79
1 1.0111866370479 134210033 1 2 79
2 0.584714538073654 134210033 1 2 79
3 0.348409893992933 134210033 1 2 79
4 1.03101901539298 134210041 2 2 79
5 0.674340913822557 134210041 2 2 79
6 0 134210041 2 2 79
4 1.0209942438926 134210042 2 2 79
5 0.670294706491329 134210042 2 2 79
6 2.02980625931446 134210042 2 2 79
4 1.02482536675899 134210043 2 2 79
5 1.16797820823245 134210043 2 2 79
6 0 134210043 2 2 79
1 1.03603331310458 134210131 1 2 80
2 1.02129210922243 134210131 1 2 80
3 0 134210131 1 2 80
1 0.998251749806631 134210132 1 2 80
2 0.670184867991536 134210132 1 2 80
3 1.0452296819788 134210132 1 2 80
1 1.01630212917722 134210133 1 2 80
2 1.30555493764585 134210133 1 2 80
3 0.696819787985866 134210133 1 2 80
4 1.03823429679135 134210142 2 2 80
5 1.48358238006828 134210142 2 2 80
6 0 134210142 2 2 80
4 1.01186340106104 134210143 2 2 80
5 0.864512658390301 134210143 2 2 80
6 6.08941877794337 134210143 2 2 80
1 0.980493684272004 135210331 1 2 80
2 1.27648458103427 135210331 1 2 80
3 0 135210331 1 2 80
1 0.990724668530637 135210332 1 2 80
2 1.26778088144996 135210332 1 2 80
3 0 135210332 1 2 80
1 0.985828411778291 135210333 1 2 80
2 1.52419187120361 135210333 1 2 80
3 0 135210333 1 2 80
4 0.984598576661908 135210341 2 2 80
5 1.73444723460445 135210341 2 2 80
6 1.3532041728763 135210341 2 2 80
4 1.03057205105857 135210342 2 2 80
5 1.73040102727322 135210342 2 2 80
6 6.08941877794337 135210342 2 2 80
1 0.997301729839758 135210431 1 2 80
2 1.25211422219821 135210431 1 2 80
3 0 135210431 1 2 80
1 0.982905273418681 135210432 1 2 80
2 1.30816604752114 135210432 1 2 80
3 0 135210432 1 2 80
1 1.0298947225494 135210433 1 2 80
2 0.757744085809651 135210433 1 2 80
3 2.78727915194346 135210433 1 2 80
4 1.00675523723919 135210441 2 2 80
5 1.71421619794831 135210441 2 2 80
6 0 135210441 2 2 80
4 0.975850846116987 135210442 2 2 80
5 1.25432427268086 135210442 2 2 80
6 0 135210442 2 2 80
4 1.01990875908046 135210443 2 2 80
5 0.200934656068812 135210443 2 2 80
6 6.76602086438152 135210443 2 2 80
1 0.967339561653761 135210531 1 2 80
2 1.16925500215562 135210531 1 2 80
3 0 135210531 1 2 80
1 1.02455999504312 135210532 1 2 80
2 1.42444747396746 135210532 1 2 80
3 1.0452296819788 135210532 1 2 80
1 0.98239372420575 135210533 1 2 80
2 1.15794019269602 135210533 1 2 80
3 0 135210533 1 2 80
4 1.02482536675899 135210541 2 2 80
5 1.69536087178478 135210541 2 2 80
6 0 135210541 2 2 80
4 1.03357309730391 135210542 2 2 80
5 1.69131466445355 135210542 2 2 80
6 4.05961251862891 135210542 2 2 80
4 0.994367939971199 135210543 2 2 80
5 0.91581856735028 135210543 2 2 80
6 6.76602086438152 135210543 2 2 80
1 1.04502196356038 136210631 1 2 80
2 1.13722538768538 136210631 1 2 80
3 0.696819787985866 136210631 1 2 80
1 1.00044410357634 136210632 1 2 80
2 1.49390299665022 136210632 1 2 80
3 0.696819787985866 136210632 1 2 80
1 0.952943105232685 136210633 1 2 80
2 1.63055108012382 136210633 1 2 80
3 0.696819787985866 136210633 1 2 80
4 0.996091945261074 136210641 2 2 80
5 1.20989691618397 136210641 2 2 80
6 0 136210641 2 2 80
4 1.01122488058331 136210642 2 2 80
5 0.773472993437658 136210642 2 2 80
6 2.02980625931446 136210642 2 2 80
4 0.998199062837588 136210643 2 2 80
5 0.900928524371358 136210643 2 2 80
6 2.02980625931446 136210643 2 2 80
1 1.00285569272302 136210731 1 2 80
2 1.61314368095521 136210731 1 2 80
3 0 136210731 1 2 80
1 1.00577883108263 136210732 1 2 80
2 1.36352157687732 136210732 1 2 80
3 0.348409893992933 136210732 1 2 80
1 1.04012570680804 136210733 1 2 80
2 1.35777713515168 136210733 1 2 80
3 2.78727915194346 136210733 1 2 80
4 0.993346307206829 136210741 2 2 80
5 1.3460113308065 136210741 2 2 80
6 1.3532041728763 136210741 2 2 80
4 0.971828167107279 136210742 2 2 80
5 1.78033122574058 136210742 2 2 80
6 0 136210742 2 2 80
4 1.01990875908046 136210743 2 2 80
5 1.64680638381004 136210743 2 2 80
6 0 136210743 2 2 80
1 0.961712520311513 136210831 1 2 80
2 1.34036973598307 136210831 1 2 80
3 0.348409893992933 136210831 1 2 80
1 0.979762899682101 136210832 1 2 80
2 1.33462529425743 136210832 1 2 80
3 3.48409893992933 136210832 1 2 80
1 0.986339960991222 136210833 1 2 80
2 1.86555096890007 136210833 1 2 80
3 0.696819787985866 136210833 1 2 80
4 0.983129979563125 136210841 2 2 80
5 0.878026990876605 136210841 2 2 80
6 0.676602086438152 136210841 2 2 80
4 0.959249313695969 136210842 2 2 80
5 1.76681689325428 136210842 2 2 80
6 0 136210842 2 2 80
4 0.9805758976522 136210843 2 2 80
5 1.74124486292091 136210843 2 2 80
6 0 136210843 2 2 80
1 0.962954854114347 137210931 1 2 81
2 1.83352135442983 137210931 1 2 81
3 2.43886925795053 137210931 1 2 81
1 0.96390487408122 137210932 1 2 81
2 1.29981049592021 137210932 1 2 81
3 3.1356890459364 137210932 1 2 81
1 0.944685239366788 137210933 1 2 81
2 1.82481765484552 137210933 1 2 81
3 0.348409893992933 137210933 1 2 81
4 1.01224651334768 137210942 2 2 81
5 1.73849344193568 137210942 2 2 81
6 3.38301043219076 137210942 2 2 81
4 1.03331768911282 137210943 2 2 81
5 2.19571487036451 137210943 2 2 81
6 6.08941877794337 137210943 2 2 81
1 1.02309842586331 137211031 1 2 81
2 1.01833285136376 137211031 1 2 81
3 3.1356890459364 137211031 1 2 81
1 1.03771411766136 137211032 1 2 81
2 1.51444372766918 137211032 1 2 81
3 2.78727915194346 137211032 1 2 81
1 0.997301729839758 137211033 1 2 81
2 1.51148446981052 137211033 1 2 81
3 0 137211033 1 2 81
4 0.997560542359856 137211041 2 2 81
5 2.0797505682515 137211041 2 2 81
6 0 137211041 2 2 81
4 1.02271824918248 137211042 2 2 81
5 1.95569385147603 137211042 2 2 81
6 0 137211042 2 2 81
4 0.998199062837588 137211043 2 2 81
5 1.55641411203039 137211043 2 2 81
6 1.3532041728763 137211043 2 2 81
1 1.02477923042009 137211131 1 2 81
2 0.989262494752181 137211131 1 2 81
3 2.78727915194346 137211131 1 2 81
1 1.00168643737917 137211132 1 2 81
2 1.77555471519835 137211132 1 2 81
3 0 137211132 1 2 81
1 0.965877992473956 137211133 1 2 81
2 1.77259545733969 137211133 1 2 81
3 0 137211133 1 2 81
4 0.977574851406862 137211141 2 2 81
5 1.2893644281693 137211141 2 2 81
6 4.73621460506706 137211141 2 2 81
4 1.07035187682124 137211142 2 2 81
5 2.06623623576519 137211142 2 2 81
6 6.08941877794337 137211142 2 2 81
4 0.977574851406862 137211143 2 2 81
5 1.94355522948234 137211143 2 2 81
6 0 137211143 2 2 81
1 1.03552176389165 138211231 1 2 81
2 1.46796597188899 138211231 1 2 81
3 0 138211231 1 2 81
1 1.01454824616145 138211232 1 2 81
2 0.963151395999264 138211232 1 2 81
3 1.39363957597173 138211232 1 2 81
1 0.946585279300534 138211233 1 2 81
2 1.45926227230469 138211233 1 2 81
3 0 138211233 1 2 81
4 0.987599622907246 138211241 2 2 81
5 2.39535474008733 138211241 2 2 81
6 2.02980625931446 138211241 2 2 81
4 0.96352740089677 138211242 2 2 81
5 2.16067471487607 138211242 2 2 81
6 1.3532041728763 138211242 2 2 81
1 1.01191742163781 138211331 1 2 81
2 2.01925830355891 138211331 1 2 81
3 1.0452296819788 138211331 1 2 81
1 0.990432354694676 138211332 1 2 81
2 1.72907695941816 138211332 1 2 81
3 0.348409893992933 138211332 1 2 81
1 0.992405473087412 138211333 1 2 81
2 1.72333251769252 138211333 1 2 81
3 0.348409893992933 138211333 1 2 81
4 0.993537863350148 138211341 2 2 81
5 0.94414201866888 138211341 2 2 81
6 1.3532041728763 138211341 2 2 81
4 1.03459473006828 138211342 2 2 81
5 1.92194848233358 138211342 2 2 81
6 0 138211342 2 2 81
4 1.02610240771445 138211343 2 2 81
5 1.68993895396093 138211343 2 2 81
6 1.3532041728763 138211343 2 2 81
1 0.893238004237661 138211431 1 2 81
2 1.17499944388126 138211431 1 2 81
3 0 138211431 1 2 81
1 1.02748313340273 138211432 1 2 81
2 1.41295859051618 138211432 1 2 81
3 0 138211432 1 2 81
1 1.02331766124028 138211433 1 2 81
2 1.16925500215562 138211433 1 2 81
3 1.0452296819788 138211433 1 2 81
4 0.993729419493468 138211441 2 2 81
5 0.799773341090644 138211441 2 2 81
6 2.70640834575261 138211441 2 2 81
4 0.983513091849764 138211442 2 2 81
5 1.51061104504088 138211442 2 2 81
6 1.3532041728763 138211442 2 2 81
4 0.992069266251366 138211443 2 2 81
5 1.78575314356443 138211443 2 2 81
6 1.3532041728763 138211443 2 2 81
1 0.985828411778291 139211531 1 2 81
2 1.39555119134757 139211531 1 2 81
3 2.78727915194346 139211531 1 2 81
1 1.03040627176234 139211532 1 2 81
2 1.14888834512835 139211532 1 2 81
3 2.0904593639576 139211532 1 2 81
1 0.975816662896628 139211533 1 2 81
2 1.14592908726968 139211533 1 2 81
3 2.78727915194346 139211533 1 2 81
4 1.00566975242705 139211541 2 2 81
5 1.50251863037843 139211541 2 2 81
6 0.676602086438152 139211541 2 2 81
4 1.02974197443752 139211542 2 2 81
5 1.6684131309588 139211542 2 2 81
6 2.70640834575261 139211542 2 2 81
4 1.00566975242705 139211543 2 2 81
5 0.917113353696273 139211543 2 2 81
6 5.41281669150522 139211543 2 2 81
1 0.970993484603273 139211631 1 2 81
2 1.66240662060238 139211631 1 2 81
3 0 139211631 1 2 81
1 0.969239601587507 139211632 1 2 81
2 1.12852168810107 139211632 1 2 81
3 2.0904593639576 139211632 1 2 81
1 0.996059396036924 139211633 1 2 81
2 0.864625516704924 139211633 1 2 81
3 2.78727915194346 139211633 1 2 81
4 1.01799319764726 139211642 2 2 81
5 1.07896164694542 139211642 2 2 81
6 5.41281669150522 139211642 2 2 81
4 0.986322581951783 139211643 2 2 81
5 1.65756929531111 139211643 2 2 81
6 0 139211643 2 2 81
1 1.040418020644 139211731 1 2 82
2 0.762966305560234 139211731 1 2 82
3 0.696819787985866 139211731 1 2 82
1 0.960031715754737 139211732 1 2 82
2 0.687592267160147 139211732 1 2 82
3 3.1356890459364 139211732 1 2 82
1 0.982686038041711 139211733 1 2 82
2 0.678888567575841 139211733 1 2 82
3 2.0904593639576 139211733 1 2 82
4 1.0150560034497 139211741 2 2 82
5 0.863217872044308 139211741 2 2 82
6 6.08941877794337 139211741 2 2 82
4 0.980320489461107 139211742 2 2 82
5 0.729693030113764 139211742 2 2 82
6 2.02980625931446 139211742 2 2 82
4 0.973743728540473 139211743 2 2 82
5 0.360112452479345 139211743 2 2 82
6 0.676602086438152 139211743 2 2 82
1 1.04012570680804 140211831 1 2 82
2 0.649818210964261 140211831 1 2 82
3 2.0904593639576 140211831 1 2 82
1 0.946146808546592 140211832 1 2 82
2 0.647033027097283 140211832 1 2 82
3 2.78727915194346 140211832 1 2 82
1 0.989263099350832 140211833 1 2 82
2 0.641114511379955 140211833 1 2 82
3 2.0904593639576 140211833 1 2 82
4 1.01633304440516 140211841 2 2 82
5 0.431568473948842 140211841 2 2 82
6 1.3532041728763 140211841 2 2 82
4 1.03229605634845 140211843 2 2 82
5 0.42622748027162 140211843 2 2 82
6 5.41281669150522 140211843 2 2 82
1 0.998470985183602 140211931 1 2 82
2 0.615003412627038 140211931 1 2 82
3 3.1356890459364 140211931 1 2 82
1 0.972455053783078 140211932 1 2 82
2 0.87332921628923 140211932 1 2 82
3 1.74204946996466 140211932 1 2 82
1 0.995840160659953 140211933 1 2 82
2 0.867410700571902 140211933 1 2 82
3 0 140211933 1 2 82
4 0.960526354651432 140211941 2 2 82
5 0.29399742468707 140211941 2 2 82
6 6.08941877794337 140211941 2 2 82
4 0.978660336219005 140211942 2 2 82
5 1.37028857479388 140211942 2 2 82
6 1.3532041728763 140211942 2 2 82
4 1.03804274064803 140211943 2 2 82
5 1.99745071113431 140211943 2 2 82
6 0 140211943 2 2 82
1 0.995109376070051 140212031 1 2 82
2 0.580188614289815 140212031 1 2 82
3 1.39363957597173 140212031 1 2 82
1 0.986559196368193 140212032 1 2 82
2 0.577403430422837 140212032 1 2 82
3 0 140212032 1 2 82
1 1.00460957573878 140212033 1 2 82
2 0.57148491470551 140212033 1 2 82
3 3.1356890459364 140212033 1 2 82
4 0.966720003285427 140212041 2 2 82
5 0.646017462503957 140212041 2 2 82
6 4.73621460506706 140212041 2 2 82
4 0.956312119498404 140212042 2 2 82
5 1.24890235485702 140212042 2 2 82
6 4.73621460506706 140212042 2 2 82
4 0.978404928027913 140212043 2 2 82
5 0.77015510342605 140212043 2 2 82
6 1.3532041728763 140212043 2 2 82
1 1.03771411766136 141212231 1 3 111
2 0.655736726681588 141212231 1 3 111
3 0 141212231 1 3 111
1 1.0201752875037 141212232 1 3 111
2 1.18944758519121 141212232 1 3 111
3 1.39363957597173 141212232 1 3 111
1 1.03077166405729 141212233 1 3 111
2 0.397410923019396 141212233 1 3 111
3 1.39363957597173 141212233 1 3 111
4 1.03599947511929 141212242 2 3 111
5 0.794432347413422 141212242 2 3 111
6 5.41281669150522 141212242 2 3 111
4 1.0088623548157 141212243 2 3 111
5 0.95352921967733 141212243 2 3 111
6 0 141212243 2 3 111
1 1.03844490225126 141212331 1 3 111
2 0.829810718367701 141212331 1 3 111
3 2.43886925795053 141212331 1 3 111
1 1.01104048012992 141212332 1 3 111
2 0.823892202650374 141212332 1 3 111
3 0 141212332 1 3 111
1 1.04757970962504 141212333 1 3 111
2 0.35110724123089 141212333 1 3 111
3 2.78727915194346 141212333 1 3 111
4 1.00566975242705 141212341 2 3 111
5 1.61581243565283 141212341 2 3 111
6 0 141212341 2 3 111
4 1.02227128484806 141212342 2 3 111
5 0.651439380327803 141212342 2 3 111
6 0 141212342 2 3 111
4 1.04876988467392 141212343 2 3 111
5 0.940095811337651 141212343 2 3 111
6 4.05961251862891 141212343 2 3 111
1 0.990943903907608 1421031 1 1 4
2 1.26778088144996 1421031 1 1 4
3 1.0452296819788 1421031 1 1 4
1 1.03530252851468 1421032 1 1 4
2 0.583147872148479 1421032 1 1 4
3 1.39363957597173 1421032 1 1 4
4 0.96352740089677 1421043 2 1 4
5 0.6662484991601 1421043 2 1 4
6 4.73621460506706 1421043 2 1 4
1 0.991455453120539 1421131 1 1 4
2 0.667225610132872 1421131 1 1 4
3 2.43886925795053 1421131 1 1 4
1 0.965877992473956 1421132 1 1 4
2 0.66148116840723 1421132 1 1 4
3 2.0904593639576 1421132 1 1 4
1 0.931019567535614 1421133 1 1 4
2 1.08221800631257 1421133 1 1 4
3 2.78727915194346 1421133 1 1 4
4 0.956695231785043 1421141 2 1 4
5 1.43640360258615 1421141 2 1 4
6 0.676602086438152 1421141 2 1 4
4 0.992452378538005 1421142 2 1 4
5 0.712132490296232 1421142 2 1 4
6 0.676602086438152 1421142 2 1 4
4 0.99053681710481 1421143 2 1 4
5 1.18286825121137 1421143 2 1 4
6 2.02980625931446 1421143 2 1 4
1 0.89279953348372 1421231 1 1 4
2 0.626666370070007 1421231 1 1 4
3 1.0452296819788 1421231 1 1 4
1 0.974866642929755 1421232 1 1 4
2 0.617962670485702 1421232 1 1 4
3 2.78727915194346 1421232 1 1 4
1 1.00702116488546 1421233 1 1 4
2 0.617962670485702 1421233 1 1 4
3 2.43886925795053 1421233 1 1 4
4 0.934155458921123 1421241 2 1 4
5 1.2893644281693 1421241 2 1 4
6 0.676602086438152 1421241 2 1 4
4 0.902867955512281 1421242 2 1 4
5 0.497683501741117 1421242 2 1 4
6 2.70640834575261 1421242 2 1 4
1 0.963174089491318 142212433 1 3 112
2 1.48833262891627 142212433 1 3 112
3 1.39363957597173 142212433 1 3 112
4 1.04142689918001 142212441 2 3 112
5 1.58611327384161 142212441 2 3 112
6 0 142212441 2 3 112
4 1.01428977887642 142212442 2 3 112
5 0.585324352535528 142212442 2 3 112
6 6.08941877794337 142212442 2 3 112
4 1.07079884115565 142212443 2 3 112
5 0.584029566189535 142212443 2 3 112
6 5.41281669150522 142212443 2 3 112
1 0.903615145414275 142212531 1 3 112
2 0.298885043725056 142212531 1 3 112
3 0.696819787985866 142212531 1 3 112
1 0.989847727022754 142212532 1 3 112
2 0.55129233166992 142212532 1 3 112
3 0.348409893992933 142212532 1 3 112
1 1.02273303356836 142212533 1 3 112
2 0.806484803481762 142212533 1 3 112
3 2.43886925795053 142212533 1 3 112
4 0.971508906868413 142212541 2 3 112
5 0.74183165210745 142212541 2 3 112
6 0 142212541 2 3 112
4 1.04813136419619 142212542 2 3 112
5 0.521960745728488 142212542 2 3 112
6 0 142212542 2 3 112
4 1.03025279081971 142212543 2 3 112
5 0.635254551002889 142212543 2 3 112
6 2.70640834575261 142212543 2 3 112
1 1.01286744160468 142212631 1 3 112
2 0.522221975058339 142212631 1 3 112
3 0 142212631 1 3 112
1 1.01432901078448 142212632 1 3 112
2 1.31721789508882 142212632 1 3 112
3 1.74204946996466 142212632 1 3 112
1 0.939058198024539 142212633 1 3 112
2 0.774629263003204 142212633 1 3 112
3 0 142212633 1 3 112
4 1.01269347768209 142212641 2 3 112
5 0.878026990876605 142212641 2 3 112
6 0 142212641 2 3 112
4 1.02163276437033 142212642 2 3 112
5 1.27050910200578 142212642 2 3 112
6 0 142212642 2 3 112
4 1.04781210395732 142212643 2 3 112
5 1.26913339151316 142212643 2 3 112
6 0 142212643 2 3 112
1 1.00044410357634 143212831 1 3 112
2 0.731110765081675 143212831 1 3 112
3 0 143212831 1 3 112
1 0.947096828513466 143212832 1 3 112
2 0.728151507223011 143212832 1 3 112
3 2.0904593639576 143212832 1 3 112
1 1.01432901078448 143212833 1 3 112
2 0.72240706549737 143212833 1 3 112
3 0.348409893992933 143212833 1 3 112
4 1.00598901266591 143212841 2 3 112
5 0.345303333647048 143212841 2 3 112
6 2.02980625931446 143212841 2 3 112
4 0.97693633092913 143212842 2 3 112
5 0.957575427008559 143212842 2 3 112
6 0 143212842 2 3 112
4 1.00950087529343 143212843 2 3 112
5 0.477452465084974 143212843 2 3 112
6 0 143212843 2 3 112
1 1.03296401782699 143212931 1 3 112
2 0.983518053026539 143212931 1 3 112
3 0 143212931 1 3 112
4 1.01716312102621 143212941 2 3 112
5 0.46393813259867 143212941 2 3 112
6 0 143212941 2 3 112
4 1.00854309457684 143212942 2 3 112
5 0.679762831646404 143212942 2 3 112
6 0 143212942 2 3 112
4 1.05100470634598 143212943 2 3 112
5 0.57456144103446 143212943 2 3 112
6 0 143212943 2 3 112
1 1.02163685668351 144213031 1 3 112
2 1.16333648643829 144213031 1 3 112
3 0 144213031 1 3 112
1 1.003001849641 144213032 1 3 112
2 0.91092919849343 144213032 1 3 112
3 1.39363957597173 144213032 1 3 112
1 0.981443704238877 144213033 1 3 112
2 1.37518453432029 144213033 1 3 112
3 0 144213033 1 3 112
4 0.997688246455403 144213041 2 3 112
5 0.802524762075879 144213041 2 3 112
6 0 144213041 2 3 112
4 1.03440317392496 144213042 2 3 112
5 0.431568473948842 144213042 2 3 112
6 0 144213042 2 3 112
4 1.00503123194931 144213043 2 3 112
5 0.906350442195205 144213043 2 3 112
6 0 144213043 2 3 112
1 1.04356039438058 144213131 1 3 112
2 0.882032915873535 144213131 1 3 112
3 3.1356890459364 144213131 1 3 112
1 0.997520965216729 144213132 1 3 112
2 0.876114400156208 144213132 1 3 112
3 2.0904593639576 144213132 1 3 112
1 1.04063725602097 144213133 1 3 112
2 0.580188614289815 144213133 1 3 112
3 0.348409893992933 144213133 1 3 112
4 0.990983781439222 144213141 2 3 112
5 0.534099367722174 144213141 2 3 112
6 0 144213141 2 3 112
4 1.02674092819218 144213142 2 3 112
5 1.01292754329977 144213142 2 3 112
6 0 144213142 2 3 112
4 0.96129257922471 144213143 2 3 112
5 0.780918014927118 144213143 2 3 112
6 0.676602086438152 144213143 2 3 112
1 0.986559196368193 144213231 1 3 113
2 1.24462904055571 144213231 1 3 113
3 0 144213231 1 3 113
1 1.00044410357634 144213232 1 3 113
2 0.641114511379955 144213232 1 3 113
3 3.1356890459364 144213232 1 3 113
1 1.00957891095012 144213233 1 3 113
2 1.49703632850057 144213233 1 3 113
3 3.1356890459364 144213233 1 3 113
4 1.01492829935415 144213242 2 3 113
5 0.952234433331337 144213242 2 3 113
6 0 144213242 2 3 113
4 1.00247715003839 144213243 2 3 113
5 1.60634431049775 144213243 2 3 113
6 0 144213243 2 3 113
1 1.02931009487748 145213331 1 3 113
2 0.87332921628923 145213331 1 3 113
3 3.48409893992933 145213331 1 3 113
1 1.01286744160468 145213332 1 3 113
2 0.542588632085615 145213332 1 3 113
3 3.48409893992933 145213332 1 3 113
1 0.902884360824373 145213333 1 3 113
2 0.539629374226951 145213333 1 3 113
3 0 145213333 1 3 113
4 1.00056158860519 145213341 2 3 113
5 0.802524762075879 145213341 2 3 113
6 0 145213341 2 3 113
4 1.0219520246092 145213342 2 3 113
5 0.418135065609163 145213342 2 3 113
6 0 145213342 2 3 113
4 0.98970674048376 145213343 2 3 113
5 0.260332979691248 145213343 2 3 113
6 0 145213343 2 3 113
1 1.0051942034107 145213431 1 3 113
2 1.11111428893246 145213431 1 3 113
3 0 145213431 1 3 113
1 1.01177126471982 145213432 1 3 113
2 0.51055901761537 145213432 1 3 113
3 1.39363957597173 145213432 1 3 113
1 1.01286744160468 145213433 1 3 113
2 1.10241058934815 145213433 1 3 113
3 0.348409893992933 145213433 1 3 113
4 0.977574851406862 145213441 2 3 113
5 0.39790402895302 145213441 2 3 113
6 0 145213441 2 3 113
4 0.955865155163992 145213442 2 3 113
5 0.643346965665346 145213442 2 3 113
6 0 145213442 2 3 113
4 1.01428977887642 145213443 2 3 113
5 0.775496097103272 145213443 2 3 113
6 0 145213443 2 3 113
1 0.985828411778291 145213531 1 3 113
2 1.33462529425743 145213531 1 3 113
3 0 145213531 1 3 113
1 1.01798293373399 145213532 1 3 113
2 0.800740361756121 145213532 1 3 113
3 2.43886925795053 145213532 1 3 113
1 1.03223323323709 145213533 1 3 113
2 0.794995920030479 145213533 1 3 113
3 1.74204946996466 145213533 1 3 113
4 1.0229098053258 145213541 2 3 113
5 0.873980783545376 145213541 2 3 113
6 0 145213541 2 3 113
4 1.00662753314364 145213542 2 3 113
5 1.36357187062404 145213542 2 3 113
6 0 145213542 2 3 113
4 0.990983781439222 145213543 2 3 113
5 0.374921571311641 145213543 2 3 113
6 0 145213543 2 3 113
1 1.01980989520875 146213631 1 3 113
2 0.440929420940925 146213631 1 3 113
3 1.0452296819788 146213631 1 3 113
1 1.02309842586331 146213632 1 3 113
2 1.03278099267371 146213632 1 3 113
3 0 146213632 1 3 113
1 0.999347926691485 146213633 1 3 113
2 1.02999580880673 146213633 1 3 113
3 2.78727915194346 146213633 1 3 113
4 0.988429699528297 146213641 2 3 113
5 0.486920590240049 146213641 2 3 113
6 0 146213641 2 3 113
4 1.01812090174281 146213642 2 3 113
5 0.958951137501176 146213642 2 3 113
6 0 146213642 2 3 113
4 0.985237097139639 146213643 2 3 113
5 0.740455941614833 146213643 2 3 113
6 0 146213643 2 3 113
1 1.01725214914409 146213731 1 3 113
2 1.0792587484539 146213731 1 3 113
3 1.0452296819788 146213731 1 3 113
1 0.98546301948334 146213732 1 3 113
2 0.81240331919909 146213732 1 3 113
3 1.74204946996466 146213732 1 3 113
1 1.02821391799263 146213733 1 3 113
2 1.35777713515168 146213733 1 3 113
3 0.348409893992933 146213733 1 3 113
4 1.00566975242705 146213741 2 3 113
5 1.24760756851102 146213741 2 3 113
6 0 146213741 2 3 113
4 1.02610240771445 146213742 2 3 113
5 0.384389696466716 146213742 2 3 113
6 0 146213742 2 3 113
1 1.05781069388367 146213831 1 3 113
2 1.03278099267371 146213831 1 3 113
3 0.696819787985866 146213831 1 3 113
1 1.02455999504312 146213832 1 3 113
2 1.3200030789558 146213832 1 3 113
3 0.696819787985866 146213832 1 3 113
1 1.04356039438058 146213833 1 3 113
2 1.56092148344938 146213833 1 3 113
3 0 146213833 1 3 113
4 0.975020769495936 146213842 2 3 113
5 0.620445432170592 146213842 2 3 113
6 0.676602086438152 146213842 2 3 113
4 1.01333199815982 146213843 2 3 113
5 0.988650299312394 146213843 2 3 113
6 0.676602086438152 146213843 2 3 113
1 1.04465657126543 147213931 1 3 113
2 0.739814464665981 147213931 1 3 113
3 0.348409893992933 147213931 1 3 113
1 1.07754187781104 147213932 1 3 113
2 0.467040519693842 147213932 1 3 113
3 0.696819787985866 147213932 1 3 113
1 1.0187137183239 147213933 1 3 113
2 0.731110765081675 147213933 1 3 113
3 3.1356890459364 147213933 1 3 113
4 1.04621580276299 147213941 2 3 113
5 0.472030547261128 147213941 2 3 113
6 1.3532041728763 147213941 2 3 113
4 1.06409437613947 147213942 2 3 113
5 0.470735760915134 147213942 2 3 113
6 0.676602086438152 147213942 2 3 113
4 1.05164322682371 147213943 2 3 113
5 0.60288489235306 147213943 2 3 113
6 0 147213943 2 3 113
1 1.00044410357634 147214031 1 3 114
2 0.792036662171815 147214031 1 3 114
3 0.696819787985866 147214031 1 3 114
1 0.940154374909393 147214032 1 3 114
2 0.783332962587509 147214032 1 3 114
3 0.696819787985866 147214032 1 3 114
1 0.974501250634804 147214033 1 3 114
2 0.777588520861867 147214033 1 3 114
3 0 147214033 1 3 114
1 1.0508682402796 147214131 1 3 114
2 0.742773722524645 147214131 1 3 114
3 1.39363957597173 147214131 1 3 114
1 1.03734872536641 147214132 1 3 114
2 0.504814575889728 147214132 1 3 114
3 0.696819787985866 147214132 1 3 114
1 1.04502196356038 147214133 1 3 114
2 1.08221800631257 147214133 1 3 114
3 0 147214133 1 3 114
4 1.05196248706258 147214141 2 3 114
5 1.05873061028927 147214141 2 3 114
6 0 147214141 2 3 114
4 1.03568021488042 147214142 2 3 114
5 1.05338961661205 147214142 2 3 114
6 0 147214142 2 3 114
4 1.03599947511929 147214143 2 3 114
5 0.663578002321489 147214143 2 3 114
6 0 147214143 2 3 114
1 1.02565617192797 148214231 1 3 114
2 0.696295966744453 148214231 1 3 114
3 0 148214231 1 3 114
1 1.08558050829996 148214232 1 3 114
2 1.35481787729302 148214232 1 3 114
3 1.74204946996466 148214232 1 3 114
1 1.03040627176234 148214233 1 3 114
2 0.446847936658253 148214233 1 3 114
3 0 148214233 1 3 114
4 1.00822383433797 148214242 2 3 114
5 0.221165692724955 148214242 2 3 114
6 0 148214242 2 3 114
4 1.02322906556466 148214243 2 3 114
5 0.326367083336898 148214243 2 3 114
6 0 148214243 2 3 114
1 1.03004087946738 148214331 1 3 114
2 0.641114511379955 148214331 1 3 114
3 2.43886925795053 148214331 1 3 114
1 1.02675234881282 148214332 1 3 114
2 0.638329327512977 148214332 1 3 114
3 3.48409893992933 148214332 1 3 114
1 1.05306059404931 148214333 1 3 114
2 0.983518053026539 148214333 1 3 114
3 1.74204946996466 148214333 1 3 114
4 1.02993353058084 148214341 2 3 114
5 0.871310286706765 148214341 2 3 114
6 0 148214341 2 3 114
4 1.01460903911529 148214342 2 3 114
5 1.48358238006828 148214342 2 3 114
6 0.676602086438152 148214342 2 3 114
4 1.04845062443505 148214343 2 3 114
5 1.48091188322967 148214343 2 3 114
6 4.73621460506706 148214343 2 3 114
1 1.01359822619458 148214431 1 3 114
2 0.606299713042732 148214431 1 3 114
3 2.43886925795053 148214431 1 3 114
1 1.01213665701478 148214432 1 3 114
2 0.597596013458427 148214432 1 3 114
3 1.74204946996466 148214432 1 3 114
1 0.959520166541806 148214433 1 3 114
2 0.591851571732785 148214433 1 3 114
3 1.0452296819788 148214433 1 3 114
4 1.01780164150394 148214441 2 3 114
5 0.735034023790986 148214441 2 3 114
6 0 148214441 2 3 114
4 1.01045865601003 148214442 2 3 114
5 0.28728072051723 148214442 2 3 114
6 0 148214442 2 3 114
4 0.993857123589014 148214443 2 3 114
5 0.729693030113764 148214443 2 3 114
6 1.3532041728763 148214443 2 3 114
1 0.99788635751168 149214531 1 3 114
2 1.09666614762251 149214531 1 3 114
3 0.696819787985866 149214531 1 3 114
1 0.998617142101582 149214532 1 3 114
2 0.774629263003204 149214532 1 3 114
3 0 149214532 1 3 114
1 0.997520965216729 149214533 1 3 114
2 1.37814379217896 149214533 1 3 114
3 1.0452296819788 149214533 1 3 114
4 1.00598901266591 149214541 2 3 114
5 0.771449889772043 149214541 2 3 114
6 0 149214541 2 3 114
4 1.00822383433797 149214542 2 3 114
5 0.77015510342605 149214542 2 3 114
6 0 149214542 2 3 114
4 1.00662753314364 149214543 2 3 114
5 0.767403682440815 149214543 2 3 114
6 1.3532041728763 149214543 2 3 114
1 0.923346329341639 149214631 1 3 114
2 0.748518164250287 149214631 1 3 114
3 0 149214631 1 3 114
1 0.957327812772099 149214632 1 3 114
2 0.394625739152419 149214632 1 3 114
3 0 149214632 1 3 114
4 1.04174615941887 149214641 2 3 114
5 0.353395748309505 149214641 2 3 114
6 0 149214641 2 3 114
4 0.982363754989848 149214642 2 3 114
5 0.500353998579728 149214642 2 3 114
6 0 149214642 2 3 114
4 1.01716312102621 149214643 2 3 114
5 0.497683501741117 149214643 2 3 114
6 0 149214643 2 3 114
1 1.02236764127341 149214731 1 3 114
2 0.707958924187422 149214731 1 3 114
3 1.39363957597173 149214731 1 3 114
1 0.951846928347831 149214732 1 3 114
2 0.704999666328758 149214732 1 3 114
3 1.74204946996466 149214732 1 3 114
1 0.996424788331875 149214733 1 3 114
2 0.35110724123089 149214733 1 3 114
3 0.696819787985866 149214733 1 3 114
4 1.0107779162489 149214741 2 3 114
5 0.617694011185357 149214741 2 3 114
6 0 149214741 2 3 114
4 0.999284547649731 149214742 2 3 114
5 0.616399224839364 149214742 2 3 114
6 0.676602086438152 149214742 2 3 114
4 1.01780164150394 149214743 2 3 114
5 0.480122961923585 149214743 2 3 114
6 1.3532041728763 149214743 2 3 114
1 0.940154374909393 150214831 1 3 84
2 0.678888567575841 150214831 1 3 84
3 1.39363957597173 150214831 1 3 84
1 0.967558797030732 150214832 1 3 84
2 0.905184756767789 150214832 1 3 84
3 3.1356890459364 150214832 1 3 84
1 0.925538683111346 150214833 1 3 84
2 0.670184867991536 150214833 1 3 84
3 0.696819787985866 150214833 1 3 84
1 0.990213119317705 150214931 1 3 84
2 0.647033027097283 150214931 1 3 84
3 0 150214931 1 3 84
1 0.966828012440829 150214932 1 3 84
2 0.87332921628923 150214932 1 3 84
3 0 150214932 1 3 84
4 1.01939794269827 150214941 2 3 84
5 1.22195461403103 150214941 2 3 84
6 0 150214941 2 3 84
4 1.0098201355323 150214942 2 3 84
5 1.44182552041 150214942 2 3 84
6 0 150214942 2 3 84
4 0.979809673078922 150214943 2 3 84
5 0.678387121153786 150214943 2 3 84
6 0 150214943 2 3 84
1 1.01798293373399 150215031 1 3 84
2 1.09092170589687 150215031 1 3 84
3 3.1356890459364 150215031 1 3 84
1 0.989116942432852 150215032 1 3 84
2 0.617962670485702 150215032 1 3 84
3 0 150215032 1 3 84
1 0.993501649972266 150215033 1 3 84
2 0.841299601818985 150215033 1 3 84
3 1.39363957597173 150215033 1 3 84
4 0.993857123589014 150215042 2 3 84
5 0.401950236284248 150215042 2 3 84
6 1.3532041728763 150215042 2 3 84
4 0.992580082633551 150215043 2 3 84
5 0.667624209652718 150215043 2 3 84
6 0 150215043 2 3 84
1 1.00811734177031 151215131 1 3 84
2 0.586107130007143 151215131 1 3 84
3 2.78727915194346 151215131 1 3 84
1 1.05232980945941 151215132 1 3 84
2 0.577403430422837 151215132 1 3 84
3 3.48409893992933 151215132 1 3 84
1 1.06913785502716 151215133 1 3 84
2 0.574444172564173 151215133 1 3 84
3 3.48409893992933 151215133 1 3 84
4 1.00758531386024 151215141 2 3 84
5 1.31234688581068 151215141 2 3 84
6 0 151215141 2 3 84
4 1.03951133774681 151215142 2 3 84
5 0.654109877166414 151215142 2 3 84
6 0 151215142 2 3 84
4 1.02769870890878 151215143 2 3 84
5 0.507151626896192 151215143 2 3 84
6 0 151215143 2 3 84
1 1.01213665701478 151215231 1 3 84
2 0.516477533332698 151215231 1 3 84
3 2.43886925795053 151215231 1 3 84
1 1.04246421749572 151215232 1 3 84
2 0.980558795167875 151215232 1 3 84
3 1.39363957597173 151215232 1 3 84
1 1.0508682402796 151215233 1 3 84
2 0.507773833748392 151215233 1 3 84
3 3.48409893992933 151215233 1 3 84
4 1.0452580220464 151215241 2 3 84
5 0.639300758334118 151215241 2 3 84
6 0 151215241 2 3 84
4 1.01588608007075 151215243 2 3 84
5 0.617694011185357 151215243 2 3 84
6 0 151215243 2 3 84
1 1.02638695651787 151215332 1 3 84
2 1.62759182226516 151215332 1 3 84
3 2.78727915194346 151215332 1 3 84
1 1.00884812636022 151215333 1 3 84
2 1.2911067963359 151215333 1 3 84
3 0.696819787985866 151215333 1 3 84
4 1.03152983177517 151215343 2 3 84
5 1.01559804013838 151215343 2 3 84
6 0 151215343 2 3 84
1 1.00431726190282 1521331 1 1 4
2 1.02129210922243 1521331 1 1 4
3 1.74204946996466 1521331 1 1 4
1 1.00775194947536 1521332 1 1 4
2 1.0153735935051 1521332 1 1 4
3 0.348409893992933 1521332 1 1 4
4 0.980320489461107 1521341 2 1 4
5 1.04125099461837 1521341 2 1 4
6 0.676602086438152 1521341 2 1 4
4 0.964165921374501 1521342 2 1 4
5 1.66436692362757 1521342 2 1 4
6 1.3532041728763 1521342 2 1 4
4 0.999284547649731 1521343 2 1 4
5 1.26508718418193 1521343 2 1 4
6 0.676602086438152 1521343 2 1 4
1 0.936354295041901 1521431 1 1 4
2 0.588892313874121 1521431 1 1 4
3 0.696819787985866 1521431 1 1 4
1 0.976839761322492 1521432 1 1 4
2 0.951662512547981 1521432 1 1 4
3 2.78727915194346 1521432 1 1 4
1 1.04012570680804 1521433 1 1 4
2 0.989262494752181 1521433 1 1 4
3 0 1521433 1 1 4
4 1.01205495720436 1521441 2 1 4
5 1.52542016387318 1521441 2 1 4
6 0.676602086438152 1521441 2 1 4
4 0.936517984688729 1521442 2 1 4
5 0.6662484991601 1521442 2 1 4
6 2.02980625931446 1521442 2 1 4
4 0.933325382300072 1521443 2 1 4
5 1.38647340411879 1521443 2 1 4
6 1.3532041728763 1521443 2 1 4
1 0.995328611447022 1521531 1 1 5
2 0.963151395999264 1521531 1 1 5
3 1.0452296819788 1521531 1 1 5
1 0.993355493054285 1521532 1 1 5
2 0.957406954273622 1521532 1 1 5
3 2.0904593639576 1521532 1 1 5
1 0.961493284934542 1521533 1 1 5
2 0.954447696414958 1521533 1 1 5
3 0 1521533 1 1 5
4 0.943094745609363 1521542 2 1 5
5 0.627162136340432 1521542 2 1 5
6 0 1521542 2 1 5
4 0.921576605509813 1521543 2 1 5
5 1.09652218676295 1521543 2 1 5
6 0.676602086438152 1521543 2 1 5
1 1.01469440307943 152215431 1 3 84
2 0.850003301403291 152215431 1 3 84
3 1.0452296819788 152215431 1 3 84
1 1.04356039438058 152215433 1 3 84
2 0.606299713042732 152215433 1 3 84
3 1.39363957597173 152215433 1 3 84
4 1.03568021488042 152215442 2 3 84
5 0.292702638341076 152215442 2 3 84
6 0 152215442 2 3 84
1 1.02967548717243 152215531 1 3 84
2 1.16055130257132 152215531 1 3 84
3 0 152215531 1 3 84
1 1.00921351865517 152215532 1 3 84
2 1.15463278685399 152215532 1 3 84
3 0 152215532 1 3 84
1 0.995694003741973 152215533 1 3 84
2 0.809444061340426 152215533 1 3 84
3 0 152215533 1 3 84
4 1.07079884115565 152215541 2 3 84
5 0.701369578795164 152215541 2 3 84
6 0 152215541 2 3 84
4 1.04557728228526 152215542 2 3 84
5 0.544862279223242 152215542 2 3 84
6 0 152215542 2 3 84
1 1.05817608617863 152215631 1 3 85
2 1.54925852600641 152215631 1 3 85
3 1.0452296819788 152215631 1 3 85
1 1.01286744160468 152215632 1 3 85
2 0.638329327512977 152215632 1 3 85
3 2.43886925795053 152215632 1 3 85
1 1.02967548717243 152215633 1 3 85
2 1.06481060714395 152215633 1 3 85
3 0.348409893992933 152215633 1 3 85
4 1.03695725583589 152215641 2 3 85
5 0.612353017508135 152215641 2 3 85
6 1.3532041728763 152215641 2 3 85
1 1.02455999504312 153215731 1 3 85
2 1.04148469225801 153215731 1 3 85
3 2.43886925795053 153215731 1 3 85
1 0.967924189325683 153215732 1 3 85
2 1.03574025053237 153215732 1 3 85
3 0 153215732 1 3 85
1 0.989116942432852 153215733 1 3 85
2 1.26499569758298 153215733 1 3 85
3 0.696819787985866 153215733 1 3 85
4 1.03919207750795 153215741 2 3 85
5 0.598838685021832 153215741 2 3 85
6 0 153215741 2 3 85
4 1.05228174730144 153215742 2 3 85
5 0.864512658390301 153215742 2 3 85
6 0 153215742 2 3 85
4 1.02801796914765 153215743 2 3 85
5 1.89095453417637 153215743 2 3 85
6 0 153215743 2 3 85
1 0.998617142101582 153215831 1 3 85
2 1.0153735935051 153215831 1 3 85
3 0.348409893992933 153215831 1 3 85
1 1.02894470258253 153215832 1 3 85
2 0.57148491470551 153215832 1 3 85
3 0 153215832 1 3 85
1 1.02200224897846 153215833 1 3 85
2 0.997966194336487 153215833 1 3 85
3 0 153215833 1 3 85
4 0.975659289973667 153215841 2 3 85
5 0.478828175577592 153215841 2 3 85
6 1.3532041728763 153215841 2 3 85
4 1.03791503655248 153215842 2 3 85
5 0.476076754592356 153215842 2 3 85
6 0 153215842 2 3 85
4 0.990345260961491 153215843 2 3 85
5 0.473406257753745 153215843 2 3 85
6 0 153215843 2 3 85
1 1.02236764127341 153215931 1 3 85
2 0.977773611300898 153215931 1 3 85
3 0.696819787985866 153215931 1 3 85
1 0.904345930004177 153215932 1 3 85
2 0.97185509558357 153215932 1 3 85
3 1.0452296819788 153215932 1 3 85
1 0.966828012440829 153215933 1 3 85
2 0.966110653857928 153215933 1 3 85
3 0 153215933 1 3 85
4 0.989387480244894 153215941 2 3 85
5 0.462643346252677 153215941 2 3 85
6 0 153215941 2 3 85
4 1.03855355703022 153215942 2 3 85
5 0.459891925267442 153215942 2 3 85
6 0 153215942 2 3 85
4 1.02897574986424 153215943 2 3 85
5 0.457221428428831 153215943 2 3 85
6 0 153215943 2 3 85
1 1.03186784094214 154216031 1 3 85
2 0.51055901761537 154216031 1 3 85
3 0 154216031 1 3 85
1 1.01542518766934 154216032 1 3 85
2 0.939999555105011 154216032 1 3 85
3 0 154216032 1 3 85
1 1.00336724193595 154216033 1 3 85
2 0.934255113379369 154216033 1 3 85
3 0.348409893992933 154216033 1 3 85
4 1.02642166795332 154216041 2 3 85
5 1.23546894651734 154216041 2 3 85
6 2.02980625931446 154216041 2 3 85
4 0.991303041678088 154216042 2 3 85
5 1.11133130559525 154216042 2 3 85
6 0 154216042 2 3 85
4 1.02674092819218 154216043 2 3 85
5 0.660907505482878 154216043 2 3 85
6 0 154216043 2 3 85
1 0.94526986703871 154216131 1 3 85
2 0.844258859677649 154216131 1 3 85
3 0 154216131 1 3 85
1 0.96098173572161 154216132 1 3 85
2 0.835555160093343 154216132 1 3 85
3 0 154216132 1 3 85
1 1.00775194947536 154216133 1 3 85
2 0.826851460509038 154216133 1 3 85
3 0 154216133 1 3 85
4 1.01109717648776 154216142 2 3 85
5 0.617694011185357 154216142 2 3 85
6 0 154216142 2 3 85
1 0.992405473087412 154216232 1 3 85
2 1.0153735935051 154216232 1 3 85
3 0 154216232 1 3 85
1 0.98546301948334 154216233 1 3 85
2 0.359810940815196 154216233 1 3 85
3 0.348409893992933 154216233 1 3 85
1 1.01396361848953 155216331 1 3 85
2 0.774629263003204 155216331 1 3 85
3 0 155216331 1 3 85
1 0.985828411778291 155216332 1 3 85
2 0.77167000514454 155216332 1 3 85
3 0 155216332 1 3 85
1 0.967558797030732 155216333 1 3 85
2 0.997966194336487 155216333 1 3 85
3 0 155216333 1 3 85
4 0.976297810451399 155216341 2 3 85
5 2.28877763898277 155216341 2 3 85
6 0.676602086438152 155216341 2 3 85
4 1.03089131129744 155216342 2 3 85
5 0.584029566189535 155216342 2 3 85
6 0 155216342 2 3 85
1 1.03661794077651 155216431 1 3 86
2 1.40999933265752 155216431 1 3 86
3 1.39363957597173 155216431 1 3 86
1 0.986193804073242 155216432 1 3 86
2 0.992221752610845 155216432 1 3 86
3 0.696819787985866 155216432 1 3 86
1 0.994232434562168 155216433 1 3 86
2 1.39555119134757 155216433 1 3 86
3 0.696819787985866 155216433 1 3 86
4 1.02259054508693 155216441 2 3 86
5 1.46472705390475 155216441 2 3 86
6 2.70640834575261 155216441 2 3 86
4 0.99641120549994 155216442 2 3 86
5 1.04125099461837 155216442 2 3 86
6 0 155216442 2 3 86
1 1.00336724193595 155216531 1 3 86
2 0.490366434579781 155216531 1 3 86
3 0 155216531 1 3 86
1 1.02529077963302 155216532 1 3 86
2 0.954447696414958 155216532 1 3 86
3 1.0452296819788 155216532 1 3 86
1 0.998251749806631 155216533 1 3 86
2 0.948703254689317 155216533 1 3 86
3 1.39363957597173 155216533 1 3 86
4 0.988110439289431 155216541 2 3 86
5 0.643346965665346 155216541 2 3 86
6 0.676602086438152 155216541 2 3 86
4 0.989387480244894 155216542 2 3 86
5 1.32043930047314 155216542 2 3 86
6 0 155216542 2 3 86
4 0.990983781439222 155216543 2 3 86
5 1.18416303755736 155216543 2 3 86
6 0 155216543 2 3 86
1 1.00629038029556 156216631 1 4 128
2 0.475744219278147 156216631 1 4 128
3 0.348409893992933 156216631 1 4 128
1 1.03479097930175 156216632 1 4 128
2 0.731110765081675 156216632 1 4 128
3 0.696819787985866 156216632 1 4 128
1 1.00044410357634 156216633 1 4 128
2 1.0153735935051 156216633 1 4 128
3 0 156216633 1 4 128
4 1.03823429679135 156216641 2 4 128
5 0.227963321041419 156216641 2 4 128
6 2.02980625931446 156216641 2 4 128
4 1.01397051863755 156216642 2 4 128
5 0.987274588819777 156216642 2 4 128
6 0 156216642 2 4 128
4 1.05419730873464 156216643 2 4 128
5 0.984604091981166 156216643 2 4 128
6 0 156216643 2 4 128
1 1.01286744160468 156216731 1 4 128
2 0.992221752610845 156216731 1 4 128
3 0.696819787985866 156216731 1 4 128
1 1.01725214914409 156216732 1 4 128
2 0.986477310885203 156216732 1 4 128
3 2.43886925795053 156216732 1 4 128
1 1.00775194947536 156216733 1 4 128
2 1.20111054263418 156216733 1 4 128
3 0.348409893992933 156216733 1 4 128
4 1.03376465344723 156216741 2 4 128
5 1.56588223718547 156216741 2 4 128
6 0 156216741 2 4 128
4 1.02865648962538 156216742 2 4 128
5 0.689230956801478 156216742 2 4 128
6 0 156216742 2 4 128
4 1.0331261329695 156216743 2 4 128
5 0.565093315879385 156216743 2 4 128
6 0.676602086438152 156216743 2 4 128
1 1.0494066710998 156216831 1 4 128
2 0.963151395999264 156216831 1 4 128
3 3.1356890459364 156216831 1 4 128
1 1.01432901078448 156216832 1 4 128
2 0.957406954273622 156216832 1 4 128
3 1.74204946996466 156216832 1 4 128
1 1.01725214914409 156216833 1 4 128
2 0.40037018087806 156216833 1 4 128
3 0 156216833 1 4 128
4 1.06696771828927 156216841 2 4 128
5 0.198264159230201 156216841 2 4 128
6 2.70640834575261 156216841 2 4 128
4 1.04206541965774 156216842 2 4 128
5 0.316979882328448 156216842 2 4 128
6 3.38301043219076 156216842 2 4 128
4 1.02993353058084 156216843 2 4 128
5 0.449129013766374 156216843 2 4 128
6 0 156216843 2 4 128
1 0.982905273418681 157216931 1 4 128
2 1.14592908726968 157216931 1 4 128
3 2.43886925795053 157216931 1 4 128
1 1.0194445029138 157216932 1 4 128
2 0.9225921559364 157216932 1 4 128
3 0 157216932 1 4 128
1 1.01213665701478 157216933 1 4 128
2 1.1344402038184 157216933 1 4 128
3 0.348409893992933 157216933 1 4 128
4 1.0312105715363 157216941 2 4 128
5 0.542191782384631 157216941 2 4 128
6 4.73621460506706 157216941 2 4 128
4 0.990345260961491 157216942 2 4 128
5 1.9799710954634 157216942 2 4 128
6 0.676602086438152 157216942 2 4 128
4 1.01524755959302 157216943 2 4 128
5 0.655485587659032 157216943 2 4 128
6 0 157216943 2 4 128
1 1.03990647143107 157217031 1 4 129
2 1.96703610605308 157217031 1 4 129
3 1.0452296819788 157217031 1 4 129
1 1.02967548717243 157217032 1 4 129
2 0.568699730838532 157217032 1 4 129
3 0 157217032 1 4 129
1 0.984366842598486 157217033 1 4 129
2 0.559996031254226 157217033 1 4 129
3 0 157217033 1 4 129
4 1.02227128484806 157217041 2 4 129
5 0.632584054164278 157217041 2 4 129
6 0 157217041 2 4 129
4 1.00056158860519 157217042 2 4 129
5 0.40729122996147 157217042 2 4 129
6 0 157217042 2 4 129
4 1.04972766539052 157217043 2 4 129
5 0.917113353696273 157217043 2 4 129
6 0.676602086438152 157217043 2 4 129
1 1.00702116488546 157217131 1 4 129
2 0.539629374226951 157217131 1 4 129
3 0 157217131 1 4 129
1 1.04063725602097 157217132 1 4 129
2 0.823892202650374 157217132 1 4 129
3 0.348409893992933 157217132 1 4 129
1 1.04794510191999 157217133 1 4 129
2 0.818147760924732 157217133 1 4 129
3 0.696819787985866 157217133 1 4 129
4 1.02929501010311 157217141 2 4 129
5 0.393857821621791 157217141 2 4 129
6 0 157217141 2 4 129
4 1.0107779162489 157217142 2 4 129
5 0.747172645784672 157217142 2 4 129
6 0 157217142 2 4 129
4 1.01013939577117 157217143 2 4 129
5 0.744502148946061 157217143 2 4 129
6 4.05961251862891 157217143 2 4 129
1 1.01067508783497 158217231 1 4 129
2 0.786292220446173 158217231 1 4 129
3 0.348409893992933 158217231 1 4 129
1 1.00482881111575 158217232 1 4 129
2 0.490366434579781 158217232 1 4 129
3 0 158217232 1 4 129
1 1.00555959570565 158217233 1 4 129
2 1.0240772930894 158217233 1 4 129
3 0.696819787985866 158217233 1 4 129
4 0.985237097139639 158217241 2 4 129
5 0.735034023790986 158217241 2 4 129
6 0 158217241 2 4 129
4 1.02035572341487 158217242 2 4 129
5 0.594792477690603 158217242 2 4 129
6 0 158217242 2 4 129
4 1.06952180020019 158217243 2 4 129
5 1.15179337890753 158217243 2 4 129
6 0 158217243 2 4 129
1 1.00921351865517 158217331 1 4 129
2 1.23018089924576 158217331 1 4 129
3 0 158217331 1 4 129
1 1.04063725602097 158217332 1 4 129
2 1.51740298552785 158217332 1 4 129
3 0.348409893992933 158217332 1 4 129
1 1.0209060720936 158217333 1 4 129
2 0.440929420940925 158217333 1 4 129
3 0 158217333 1 4 129
4 0.995453424783343 158217341 2 4 129
5 1.45525892874968 158217341 2 4 129
6 0.676602086438152 158217341 2 4 129
4 0.974382249018204 158217342 2 4 129
5 0.577231937873071 158217342 2 4 129
6 2.02980625931446 158217342 2 4 129
4 0.980128933317787 158217343 2 4 129
5 1.13560854958262 158217343 2 4 129
6 0 158217343 2 4 129
1 1.0187137183239 158217431 1 4 129
2 1.18944758519121 158217431 1 4 129
3 0 158217431 1 4 129
1 1.01725214914409 158217432 1 4 129
2 0.707958924187422 158217432 1 4 129
3 0.696819787985866 158217432 1 4 129
1 0.995328611447022 158217433 1 4 129
2 0.696295966744453 158217433 1 4 129
3 0 158217433 1 4 129
4 1.03631873535816 158217441 2 4 129
5 0.34392762315443 158217441 2 4 129
6 3.38301043219076 158217441 2 4 129
4 1.01333199815982 158217443 2 4 129
5 1.72910624092723 158217443 2 4 129
6 0 158217443 2 4 129
1 1.01798293373399 159217533 1 4 129
2 1.42740673182613 159217533 1 4 129
3 0 159217533 1 4 129
4 1.01907868245941 159217541 2 4 129
5 1.09919268360156 159217541 2 4 129
6 0 159217541 2 4 129
4 0.996730465738805 159217542 2 4 129
5 1.09652218676295 159217542 2 4 129
6 0.676602086438152 159217542 2 4 129
4 1.00439271147158 159217543 2 4 129
5 0.824050585078015 159217543 2 4 129
6 4.05961251862891 159217543 2 4 129
1 1.01725214914409 159217631 1 4 129
2 0.855921817120618 159217631 1 4 129
3 0 159217631 1 4 129
1 1.0800996238757 159217632 1 4 129
2 0.632410811795649 159217632 1 4 129
3 1.74204946996466 159217632 1 4 129
1 0.996059396036924 159217633 1 4 129
2 1.39833637521455 159217633 1 4 129
3 0 159217633 1 4 129
4 1.05483582921237 159217641 2 4 129
5 0.660907505482878 159217641 2 4 129
6 0 159217641 2 4 129
4 1.04845062443505 159217642 2 4 129
5 0.658156084497643 159217642 2 4 129
6 0 159217642 2 4 129
4 0.998646027172 159217643 2 4 129
5 1.08171306793065 159217643 2 4 129
6 0 159217643 2 4 129
1 1.0187137183239 159217732 1 4 129
2 0.821107018783396 159217732 1 4 129
3 0 159217732 1 4 129
1 0.982174488828779 159217733 1 4 129
2 0.591851571732785 159217733 1 4 129
3 0 159217733 1 4 129
4 0.998007506694268 159217741 2 4 129
5 0.289951217355841 159217741 2 4 129
6 0 159217741 2 4 129
4 0.996091945261074 159217742 2 4 129
5 0.28728072051723 159217742 2 4 129
6 1.3532041728763 159217742 2 4 129
1 1.00409802652585 160217831 1 4 130
2 1.24758829841437 160217831 1 4 130
3 0 160217831 1 4 130
1 1.04429117897048 160217832 1 4 130
2 0.951662512547981 160217832 1 4 130
3 0 160217832 1 4 130
4 1.00120010908293 160217841 2 4 130
5 2.12288313840239 160217841 2 4 130
6 0.676602086438152 160217841 2 4 130
4 0.893290148346309 160217842 2 4 130
5 1.16668342188645 160217842 2 4 130
6 0.676602086438152 160217842 2 4 130
4 1.0209942438926 160217843 2 4 130
5 1.16263721455522 160217843 2 4 130
6 4.05961251862891 160217843 2 4 130
1 0.978520565879267 160217932 1 4 130
2 1.81332877139424 160217932 1 4 130
3 0 160217932 1 4 130
4 0.983960056184176 160217941 2 4 130
5 1.15316908940015 160217941 2 4 130
6 0 160217941 2 4 130
4 0.976297810451399 160217942 2 4 130
5 1.60229810316652 160217942 2 4 130
6 0.676602086438152 160217942 2 4 130
4 0.971828167107279 160217943 2 4 130
5 0.714802987134843 160217943 2 4 130
6 0 160217943 2 4 130
1 1.04648353274019 160218031 1 4 130
2 0.893521799324819 160218031 1 4 130
3 0.696819787985866 160218031 1 4 130
1 1.04867588650989 160218032 1 4 130
2 1.17499944388126 160218032 1 4 130
3 0 160218032 1 4 130
1 1.03990647143107 160218033 1 4 130
2 0.626666370070007 160218033 1 4 130
3 2.0904593639576 160218033 1 4 130
4 1.01652460054848 160218041 2 4 130
5 1.73719865558968 160218041 2 4 130
6 3.38301043219076 160218041 2 4 130
4 1.02035572341487 160218042 2 4 130
5 1.58611327384161 160218042 2 4 130
6 0 160218042 2 4 130
4 1.02354832580353 160218043 2 4 130
5 0.971089759494862 160218043 2 4 130
6 0.676602086438152 160218043 2 4 130
1 0.972674289160048 161218131 1 4 130
2 1.14314390340271 161218131 1 4 130
3 0.696819787985866 161218131 1 4 130
1 1.0194445029138 161218132 1 4 130
2 0.847218117536313 161218132 1 4 130
3 1.74204946996466 161218132 1 4 130
1 0.998982534396534 161218133 1 4 130
2 1.13148094595974 161218133 1 4 130
3 2.78727915194346 161218133 1 4 130
4 1.01205495720436 161218141 2 4 130
5 0.957575427008559 161218141 2 4 130
6 3.38301043219076 161218141 2 4 130
4 1.01971720293714 161218142 2 4 130
5 1.2718848124984 161218142 2 4 130
6 0.676602086438152 161218142 2 4 130
4 0.990983781439222 161218143 2 4 130
5 1.11408272658048 161218143 2 4 130
6 0.676602086438152 161218143 2 4 130
1 1.00117488816624 161218231 1 4 130
2 1.43611043141043 161218231 1 4 130
3 1.39363957597173 161218231 1 4 130
1 0.977058996699463 161218232 1 4 130
2 1.12573650423409 161218232 1 4 130
3 0.348409893992933 161218232 1 4 130
4 0.975659289973667 161218241 2 4 130
5 0.807865755753101 161218241 2 4 130
6 0 161218241 2 4 130
4 1.01844016198167 161218242 2 4 130
5 1.70207757595462 161218242 2 4 130
6 2.70640834575261 161218242 2 4 130
4 0.954588114208529 161218243 2 4 130
5 1.25569998317348 161218243 2 4 130
6 0 161218243 2 4 130
1 1.01432901078448 161218331 1 4 130
2 1.37222527646163 161218331 1 4 130
3 0 161218331 1 4 130
1 1.01505979537439 161218332 1 4 130
2 1.05018839184232 161218332 1 4 130
3 2.43886925795053 161218332 1 4 130
1 1.00629038029556 161218333 1 4 130
2 0.739814464665981 161218333 1 4 130
3 0 161218333 1 4 130
4 0.948841429908946 161218341 2 4 130
5 1.52137395654195 161218341 2 4 130
6 0 161218341 2 4 130
4 0.983960056184176 161218342 2 4 130
5 2.01768174779045 161218342 2 4 130
6 2.70640834575261 161218342 2 4 130
4 0.985875617617371 161218343 2 4 130
5 1.66436692362757 161218343 2 4 130
6 1.3532041728763 161218343 2 4 130
1 0.976547447486531 1621631 1 1 5
2 0.876114400156208 1621631 1 1 5
3 1.74204946996466 1621631 1 1 5
1 0.978520565879267 1621632 1 1 5
2 0.838514417952007 1621632 1 1 5
3 0.696819787985866 1621632 1 1 5
1 0.979032115092199 1621633 1 1 5
2 0.452592378383894 1621633 1 1 5
3 0.348409893992933 1621633 1 1 5
4 0.974573805161524 1621641 2 1 5
5 0.973760256333473 1621641 2 1 5
6 0 1621641 2 1 5
4 0.991175337582542 1621642 2 1 5
5 0.832142999740472 1621642 2 1 5
6 0.676602086438152 1621642 2 1 5
4 1.01205495720436 1621643 2 1 5
5 0.408666940454088 1621643 2 1 5
6 0.676602086438152 1621643 2 1 5
1 1.01798293373399 1621731 1 1 5
2 1.27944383889293 1621731 1 1 5
3 0 1621731 1 1 5
1 0.97632821210956 1621732 1 1 5
2 1.27648458103427 1621732 1 1 5
3 0 1621732 1 1 5
1 0.982174488828779 1621733 1 1 5
2 1.27074013930863 1621733 1 1 5
3 0.696819787985866 1621733 1 1 5
4 0.976489366594718 1621741 2 1 5
5 1.32578029415036 1621741 2 1 5
6 0 1621741 2 1 5
4 0.962441916084626 1621742 2 1 5
5 1.62519963666128 1621742 2 1 5
6 0 1621742 2 1 5
4 0.899036832645892 1621743 2 1 5
5 0.957575427008559 1621743 2 1 5
6 0.676602086438152 1621743 2 1 5
1 1.00263645734605 1621831 1 1 5
2 0.821107018783396 1621831 1 1 5
3 0 1621831 1 1 5
1 0.999494083609465 1621832 1 1 5
2 0.406114622603702 1621832 1 1 5
3 1.0452296819788 1621832 1 1 5
1 0.996570945249856 1621833 1 1 5
2 0.81240331919909 1621833 1 1 5
3 0 1621833 1 1 5
4 0.9805758976522 1621841 2 1 5
5 0.948188226000108 1621841 2 1 5
6 0 1621841 2 1 5
1 0.954916223625421 1721931 1 1 5
2 0.797781103897457 1721931 1 1 5
3 1.74204946996466 1721931 1 1 5
1 1.04012570680804 1721932 1 1 5
2 0.789077404313151 1721932 1 1 5
3 0 1721932 1 1 5
1 0.99189392387448 1721933 1 1 5
2 0.789077404313151 1721933 1 1 5
3 2.78727915194346 1721933 1 1 5
4 1.04251238399215 1721942 2 1 5
5 1.04796769878821 1721942 2 1 5
6 0 1721942 2 1 5
4 1.01160799286995 1721943 2 1 5
5 1.29745684283176 1721943 2 1 5
6 0.676602086438152 1721943 2 1 5
1 1.00921351865517 1722031 1 1 5
2 0.774629263003204 1722031 1 1 5
3 1.39363957597173 1722031 1 1 5
1 1.07403411177951 1722032 1 1 5
2 1.20685498435982 1722032 1 1 5
3 3.48409893992933 1722032 1 1 5
1 1.04063725602097 1722033 1 1 5
2 1.20685498435982 1722033 1 1 5
3 0 1722033 1 1 5
4 0.973296764206061 1722042 2 1 5
5 1.2893644281693 1722042 2 1 5
6 0 1722042 2 1 5
4 0.992707786729097 1722043 2 1 5
5 1.42021877326124 1722043 2 1 5
6 5.41281669150522 1722043 2 1 5
1 1.03237939015507 1722131 1 1 5
2 0.748518164250287 1722131 1 1 5
3 0.348409893992933 1722131 1 1 5
1 1.06789552122433 1722132 1 1 5
2 0.745558906391623 1722132 1 1 5
3 0 1722132 1 1 5
4 1.01013939577117 1722141 2 1 5
5 0.917113353696273 1722141 2 1 5
6 0 1722141 2 1 5
4 0.993537863350148 1722142 2 1 5
5 0.161848293249144 1722142 2 1 5
6 0 1722142 2 1 5
1 0.95462390978946 1822231 1 1 5
2 1.62184738053952 1822231 1 1 5
3 0 1822231 1 1 5
1 0.915892326524635 1822232 1 1 5
2 1.15184760298701 1822232 1 1 5
3 2.0904593639576 1822232 1 1 5
1 0.950531516086007 1822233 1 1 5
2 1.61888812268085 1822233 1 1 5
3 1.0452296819788 1822233 1 1 5
4 0.953502629396386 1822241 2 1 5
5 1.56992844451669 1822241 2 1 5
6 2.70640834575261 1822241 2 1 5
4 0.925024616089563 1822242 2 1 5
5 1.5267958743658 1822242 2 1 5
6 0 1822242 2 1 5
4 0.930132779911415 1822243 2 1 5
5 0.903679945356594 1822243 2 1 5
6 0.676602086438152 1822243 2 1 5
1 0.996570945249856 1822431 1 1 6
2 1.27944383889293 1822431 1 1 6
3 0.696819787985866 1822431 1 1 6
1 0.907634460658738 1822432 1 1 6
2 1.07351430672826 1822432 1 1 6
3 1.39363957597173 1822432 1 1 6
1 0.909607579051474 1822433 1 1 6
2 1.56666592517502 1822433 1 1 6
3 2.43886925795053 1822433 1 1 6
4 1.03140212767962 1822441 2 1 6
5 0.335835208491973 1822441 2 1 6
6 4.05961251862891 1822441 2 1 6
4 0.891566143056434 1822442 2 1 6
5 0.873980783545376 1822442 2 1 6
6 0 1822442 2 1 6
4 0.914552880254767 1822443 2 1 6
5 1.56183602985424 1822443 2 1 6
6 0 1822443 2 1 6
1 1.04282960979068 1922531 1 1 6
2 1.50869928594354 1922531 1 1 6
3 0 1922531 1 1 6
1 0.977058996699463 1922532 1 1 6
2 1.87425466848438 1922532 1 1 6
3 3.48409893992933 1922532 1 1 6
1 0.999932554363407 1922533 1 1 6
2 1.02999580880673 1922533 1 1 6
3 3.48409893992933 1922533 1 1 6
4 0.972019723250598 1922541 2 1 6
5 1.54298070369071 1922541 2 1 6
6 0.676602086438152 1922541 2 1 6
4 0.952672552775335 1922542 2 1 6
5 1.48228759372228 1922542 2 1 6
6 2.02980625931446 1922542 2 1 6
4 0.975659289973667 1922543 2 1 6
5 1.54022928270548 1922543 2 1 6
6 1.3532041728763 1922543 2 1 6
1 0.95148153605288 1922631 1 1 6
2 1.48833262891627 1922631 1 1 6
3 0.348409893992933 1922631 1 1 6
1 1.00629038029556 1922632 1 1 6
2 1.00962915177946 1922632 1 1 6
3 1.0452296819788 1922632 1 1 6
1 0.975597427519658 1922633 1 1 6
2 1.00666989392079 1922633 1 1 6
3 1.39363957597173 1922633 1 1 6
4 0.98970674048376 1922643 2 1 6
5 1.06148203127451 1922643 2 1 6
6 0 1922643 2 1 6
1 1.02382921045321 1922731 1 1 6
2 0.603514529175754 1922731 1 1 6
3 1.74204946996466 1922731 1 1 6
1 1.00044410357634 1922732 1 1 6
2 0.980558795167875 1922732 1 1 6
3 1.0452296819788 1922732 1 1 6
1 1.04063725602097 1922733 1 1 6
2 0.977773611300898 1922733 1 1 6
3 0.696819787985866 1922733 1 1 6
4 1.01633304440516 1922741 2 1 6
5 0.829472502901861 1922741 2 1 6
6 0.676602086438152 1922741 2 1 6
4 1.00311567051612 1922742 2 1 6
5 1.05201390611943 1922742 2 1 6
6 0.676602086438152 1922742 2 1 6
4 1.02757100481323 1922743 2 1 6
5 1.05201390611943 1922743 2 1 6
6 0 1922743 2 1 6
