1 1.04939537001763 11022931 1 1 51
2 0.829696548198916 11022931 1 1 51
3 1.08951965065502 11022931 1 1 51
1 0.938352131844779 11022933 1 1 51
2 0.821614563509661 11022933 1 1 51
3 0 11022933 1 1 51
4 0.969133682380411 11022941 2 1 51
5 1.41662619350714 11022941 2 1 51
6 2.05 11022941 2 1 51
4 1.05376727063971 11022942 2 1 51
5 1.29952335986109 11022942 2 1 51
6 0.683333333333333 11022942 2 1 51
4 1.05548103488795 11022943 2 1 51
5 1.29700820108411 11022943 2 1 51
6 0.683333333333333 11022943 2 1 51
1 0.95504538685487 11023031 1 1 51
2 0.805450594131151 11023031 1 1 51
3 0 11023031 1 1 51
1 0.966811557787093 11023032 1 1 51
2 1.31736350434856 11023032 1 1 51
3 2.17903930131004 11023032 1 1 51
1 1.02637779813147 11023033 1 1 51
2 1.31202939445365 11023033 1 1 51
3 0 11023033 1 1 51
4 1.02562198856282 11023041 2 1 51
5 0.83961917996376 11023041 2 1 51
6 0 11023041 2 1 51
4 1.04473705133167 11023042 2 1 51
5 1.64225073085423 11023042 2 1 51
6 0 11023042 2 1 51
1 0.915334559958618 11123131 1 1 52
2 1.67830494057069 11123131 1 1 52
3 2.72379912663755 11123131 1 1 52
1 0.995197445161081 11123132 1 1 52
2 1.67297083067578 11123132 1 1 52
3 0 11123132 1 1 52
1 0.970929717613371 11123133 1 1 52
2 0.684220823792326 11123133 1 1 52
3 1.08951965065502 11123133 1 1 52
4 0.985875840805536 11123143 2 1 52
5 1.52019155491236 11123143 2 1 52
6 4.1 11123143 2 1 52
1 1.0133614715377 11123231 1 1 52
2 0.670804729208163 11123231 1 1 52
3 0 11123231 1 1 52
1 0.930777659307161 11123232 1 1 52
2 0.665470619313255 11123232 1 1 52
3 3.26855895196507 11123232 1 1 52
1 0.898861920653506 11123233 1 1 52
2 0.659974869724561 11123233 1 1 52
3 1.08951965065502 11123233 1 1 52
4 1.02740166682061 11123242 2 1 52
5 1.19839918197471 11123242 2 1 52
6 0 11123242 2 1 52
4 1.01461434896835 11123243 2 1 52
5 1.10467252990298 11123243 2 1 52
6 0.683333333333333 11123243 2 1 52
1 1.00233068628874 11123331 1 1 52
2 0.64122466524549 11123331 1 1 52
3 1.08951965065502 11123331 1 1 52
1 1.01137593019289 11123332 1 1 52
2 1.6272267973346 11123332 1 1 52
3 1.08951965065502 11123332 1 1 52
1 0.925850575229292 11123333 1 1 52
2 1.6217310477459 11123333 1 1 52
3 0 11123333 1 1 52
4 1.01355972481559 11123341 2 1 52
5 1.20084036549354 11123341 2 1 52
6 2.73333333333333 11123341 2 1 52
4 0.995762942237697 11123342 2 1 52
5 1.34879088178672 11123342 2 1 52
6 0 11123342 2 1 52
4 1.02496284846735 11123343 2 1 52
5 2.02322331030915 11123343 2 1 52
6 0 11123343 2 1 52
1 0.981225117179067 112131 1 1 48
2 1.59215098378323 112131 1 1 48
3 0 112131 1 1 48
1 0.929012733667327 112132 1 1 48
2 1.59215098378323 112132 1 1 48
3 0 112132 1 1 48
1 0.932469046378668 112133 1 1 48
2 1.59215098378323 112133 1 1 48
3 0.544759825327511 112133 1 1 48
4 1.00980262627137 112141 2 1 48
5 1.66939965059402 112141 2 1 48
6 0 112141 2 1 48
1 0.946220758655703 112231 1 1 48
2 0.606148851694123 112231 1 1 48
3 0 112231 1 1 48
1 0.954310001171607 112233 1 1 48
2 0.600814741799215 112233 1 1 48
3 0.544759825327511 112233 1 1 48
4 0.973549921020109 112241 2 1 48
5 1.53254542302284 112241 2 1 48
6 1.36666666666667 112241 2 1 48
4 0.948502597391968 112242 2 1 48
5 0.164003147310983 112242 2 1 48
6 0 112242 2 1 48
4 0.981657344194481 112243 2 1 48
5 0.28110598095703 112243 2 1 48
6 0 112243 2 1 48
1 0.92732134659582 112331 1 1 48
2 1.5436590756477 112331 1 1 48
3 0 112331 1 1 48
1 1.01681778424904 112332 1 1 48
2 1.04257602491389 112332 1 1 48
3 0 112332 1 1 48
1 0.991079285334803 112333 1 1 48
2 1.54091120085335 112333 1 1 48
3 2.17903930131004 112333 1 1 48
4 1.00538638763167 112342 2 1 48
5 1.05910377088468 112342 2 1 48
6 0 112342 2 1 48
4 1.00670466782262 112343 2 1 48
5 1.41292743059981 112343 2 1 48
6 2.05 112343 2 1 48
1 1.01630301427076 11323731 1 1 52
2 0.827110313098354 11323731 1 1 52
3 0.544759825327511 11323731 1 1 52
1 0.956516158221398 11323732 1 1 52
2 0.824362438304008 11323732 1 1 52
3 0 11323732 1 1 52
1 0.943499831627627 11323733 1 1 52
2 0.600814741799215 11323733 1 1 52
3 1.08951965065502 11323733 1 1 52
4 1.0262811286583 11323741 2 1 52
5 1.08129634832866 11323741 2 1 52
6 0 11323741 2 1 52
4 1.05020791412413 11323742 2 1 52
5 1.48690268874639 11323742 2 1 52
6 0 11323742 2 1 52
4 0.981657344194481 11323743 2 1 52
5 0.734796239170047 11323743 2 1 52
6 0 11323743 2 1 52
1 1.01946517270879 11323931 1 1 53
2 1.03724191501898 11323931 1 1 53
3 1.63427947598253 11323931 1 1 53
1 1.01850917132055 11323932 1 1 53
2 0.767788545479223 11323932 1 1 53
3 1.63427947598253 11323932 1 1 53
1 1.05696984255525 11323933 1 1 53
2 1.24462564214527 11323933 1 1 53
3 1.63427947598253 11323933 1 1 53
4 0.971111102666843 11323941 2 1 53
5 1.15527160647525 11323941 2 1 53
6 1.36666666666667 11323941 2 1 53
4 0.985414442738702 11323943 2 1 53
5 0.577007013543377 11323943 2 1 53
6 0.683333333333333 11323943 2 1 53
1 1.05138091136245 11424031 1 1 53
2 1.51133113689068 11424031 1 1 53
3 1.63427947598253 11424031 1 1 53
1 0.970488486203413 11424032 1 1 53
2 1.00216610146762 11424032 1 1 53
3 1.63427947598253 11424032 1 1 53
1 1.04571844160131 11424033 1 1 53
2 1.73229259829491 11424033 1 1 53
3 2.17903930131004 11424033 1 1 53
4 1.01659176925478 11424041 2 1 53
5 0.922249543313498 11424041 2 1 53
6 0.683333333333333 11424041 2 1 53
4 1.06470899622463 11424042 2 1 53
5 0.801373971501975 11424042 2 1 53
6 0.683333333333333 11424042 2 1 53
4 1.03155424942212 11424043 2 1 53
5 1.28221314945479 11424043 2 1 53
6 4.1 11424043 2 1 53
1 0.988873128285011 11424131 1 1 53
2 0.983254257294761 11424131 1 1 53
3 1.08951965065502 11424131 1 1 53
1 1.00549284472678 11424132 1 1 53
2 0.4957489408389 11424132 1 1 53
3 0 11424132 1 1 53
1 1.04814521435608 11424133 1 1 53
2 0.975172272605506 11424133 1 1 53
3 1.63427947598253 11424133 1 1 53
4 1.02496284846735 11424141 2 1 53
5 1.43512000804378 11424141 2 1 53
6 3.41666666666667 11424141 2 1 53
4 1.03992532863468 11424143 2 1 53
5 1.57441541913381 11424143 2 1 53
6 1.36666666666667 11424143 2 1 53
1 0.959163546681148 11424231 1 1 53
2 1.46283922875515 11424231 1 1 53
3 1.63427947598253 11424231 1 1 53
1 1.01314085583272 11424232 1 1 53
2 0.956422068126434 11424232 1 1 53
3 0 11424232 1 1 53
1 1.00159530060548 11424233 1 1 53
2 0.684220823792326 11424233 1 1 53
3 1.08951965065502 11424233 1 1 53
4 0.976845621497496 11424241 2 1 53
5 0.89879938648103 11424241 2 1 53
6 0 11424241 2 1 53
4 1.0467144716181 11424242 2 1 53
5 1.94924805216256 11424242 2 1 53
6 1.36666666666667 11424242 2 1 53
1 1.02711318381474 11524331 1 1 53
2 0.668056854413816 11524331 1 1 53
3 1.08951965065502 11524331 1 1 53
1 0.99277067240631 11524332 1 1 53
2 0.929428239264322 11524332 1 1 53
3 1.08951965065502 11524332 1 1 53
1 0.908936704514222 11524333 1 1 53
2 0.926680364469976 11524333 1 1 53
3 2.72379912663755 11524333 1 1 53
4 1.05244899044875 11524341 2 1 53
5 1.25262304619615 11524341 2 1 53
6 4.78333333333333 11524341 2 1 53
4 1.04717586968493 11524342 2 1 53
5 1.93689418405208 11524342 2 1 53
6 2.73333333333333 11524342 2 1 53
4 0.99510380214222 11524343 2 1 53
5 1.00236474788625 11524343 2 1 53
6 2.73333333333333 11524343 2 1 53
1 1.00821377175485 11524432 1 1 53
2 0.643810900346051 11524432 1 1 53
3 2.17903930131004 11524432 1 1 53
1 0.994462059477817 11524433 1 1 53
2 0.902434410402211 11524433 1 1 53
3 0 11524433 1 1 53
4 0.981459602165838 11524442 2 1 53
5 1.92831305410708 11524442 2 1 53
6 0.683333333333333 11524442 2 1 53
4 0.925630436078903 11524443 2 1 53
5 0.991268459164263 11524443 2 1 53
6 6.15 11524443 2 1 53
1 1.04402705452981 11524531 1 1 53
2 0.404099234462749 11524531 1 1 53
3 1.63427947598253 11524531 1 1 53
1 1.0437329002565 11524532 1 1 53
2 0.622312821072633 11524532 1 1 53
3 0.544759825327511 11524532 1 1 53
1 1.04888060003935 11524533 1 1 53
2 0.880936331128793 11524533 1 1 53
3 0.544759825327511 11524533 1 1 53
4 0.966299379969858 11524541 2 1 53
5 1.38947727376734 11524541 2 1 53
6 2.73333333333333 11524541 2 1 53
4 0.974868201211064 11524543 2 1 53
5 1.38829366963699 11524543 2 1 53
6 3.41666666666667 11524543 2 1 53
1 0.96239924368751 11624631 1 1 53
2 1.36052130258918 11624631 1 1 53
3 1.08951965065502 11624631 1 1 53
1 0.962105089414204 11624632 1 1 53
2 0.845860517577426 11624632 1 1 53
3 3.26855895196507 11624632 1 1 53
1 0.997697756484179 11624633 1 1 53
2 0.843274282476864 11624633 1 1 53
3 1.63427947598253 11624633 1 1 53
4 0.952457437964833 11624641 2 1 53
5 1.60652068116943 11624641 2 1 53
6 4.1 11624641 2 1 53
4 0.98080046207036 11624642 2 1 53
5 1.60400552239244 11624642 2 1 53
6 2.05 11624642 2 1 53
4 0.993785521951265 11624643 2 1 53
5 1.21445181299252 11624643 2 1 53
6 2.05 11624643 2 1 53
1 0.975636185986261 11624731 1 1 54
2 1.48175107292801 11624731 1 1 54
3 1.63427947598253 11624731 1 1 54
1 0.975342031712955 11624732 1 1 54
2 1.47625532333931 11624732 1 1 54
3 4.35807860262009 11624732 1 1 54
1 0.940558288894571 11624733 1 1 54
2 0.953674193332087 11624733 1 1 54
3 1.08951965065502 11624733 1 1 54
4 0.956214536509054 11624741 2 1 54
5 1.02581490471872 11624741 2 1 54
6 2.73333333333333 11624741 2 1 54
4 1.00235434319247 11624742 2 1 54
5 1.02329974594174 11624742 2 1 54
6 2.73333333333333 11624742 2 1 54
4 1.04888963393318 11624743 2 1 54
5 1.85063903305316 11624743 2 1 54
6 0.683333333333333 11624743 2 1 54
1 1.01115531448791 11624831 1 1 54
2 1.45200936927155 11624831 1 1 54
3 1.08951965065502 11624831 1 1 54
1 1.00674300038832 11624832 1 1 54
2 1.22846167276676 11624832 1 1 54
3 2.72379912663755 11624832 1 1 54
1 1.01578824429247 11624833 1 1 54
2 1.22312756287185 11624833 1 1 54
3 1.08951965065502 11624833 1 1 54
4 0.954632600279908 11624841 2 1 54
5 0.906196912295688 11624841 2 1 54
6 6.15 11624841 2 1 54
4 0.937297215768852 11624843 2 1 54
5 0.78783649926115 11624843 2 1 54
6 0.683333333333333 11624843 2 1 54
1 0.994756213751123 11724931 1 1 54
2 1.19613373400974 11724931 1 1 54
3 1.08951965065502 11724931 1 1 54
1 1.0052722290218 11724932 1 1 54
2 1.41434732061962 11724932 1 1 54
3 1.63427947598253 11724932 1 1 54
1 1.02270086971515 11724933 1 1 54
2 1.66488884598653 11724933 1 1 54
3 0.544759825327511 11724933 1 1 54
4 0.974670459182421 11724941 2 1 54
5 1.29700820108411 11724941 2 1 54
6 0 11724941 2 1 54
4 0.970715618609556 11724942 2 1 54
5 1.29456701756527 11724942 2 1 54
6 0.683333333333333 11724942 2 1 54
4 0.901044510517596 11724943 2 1 54
5 0.54985809380358 11724943 2 1 54
6 0.683333333333333 11724943 2 1 54
1 1.00085991492221 11725031 1 1 54
2 1.65405898650292 11725031 1 1 54
3 0.544759825327511 11725031 1 1 54
1 1.03049595795775 11725032 1 1 54
2 1.16655367004706 11725032 1 1 54
3 1.08951965065502 11725032 1 1 54
4 0.979284439850763 11725041 2 1 54
5 1.81365140397987 11725041 2 1 54
6 0 11725041 2 1 54
4 1.01553714510202 11725042 2 1 54
5 1.81113624520288 11725042 2 1 54
6 1.36666666666667 11725042 2 1 54
4 0.971374758705034 11725043 2 1 54
5 1.27851438654746 11725043 2 1 54
6 1.36666666666667 11725043 2 1 54
1 0.979018960129275 11725131 1 1 54
2 1.14764182587421 11725131 1 1 54
3 0.544759825327511 11725131 1 1 54
1 1.00652238468335 11725132 1 1 54
2 1.14489395107986 11725132 1 1 54
3 0 11725132 1 1 54
1 0.963870015054038 11725133 1 1 54
2 1.61364906305665 11725133 1 1 54
3 2.17903930131004 11725133 1 1 54
4 1.01000036830001 11725141 2 1 54
5 0.865510520315066 11725141 2 1 54
6 4.78333333333333 11725141 2 1 54
4 0.963465077559305 11725142 2 1 54
5 1.80129753586939 11725142 2 1 54
6 2.73333333333333 11725142 2 1 54
4 0.970254220542722 11725143 2 1 54
5 1.41166985121132 11725143 2 1 54
6 2.73333333333333 11725143 2 1 54
1 0.945926604382398 11825231 1 1 54
2 1.11806176191153 11825231 1 1 54
3 0.544759825327511 11825231 1 1 54
1 1.0091697731431 11825232 1 1 54
2 1.11256601232284 11825232 1 1 54
3 2.17903930131004 11825232 1 1 54
1 1.01262608585444 11825233 1 1 54
2 0.808198468925498 11825233 1 1 54
3 3.81331877729258 11825233 1 1 54
4 1.00235434319247 11825241 2 1 54
5 0.850715468685748 11825241 2 1 54
6 2.05 11825241 2 1 54
4 1.07222319331307 11825242 2 1 54
5 1.25388062558465 11825242 2 1 54
6 1.36666666666667 11825242 2 1 54
4 0.960564861139205 11825243 2 1 54
5 0.729913872132372 11825243 2 1 54
6 0.683333333333333 11825243 2 1 54
1 0.939602287506328 11825331 1 1 54
2 1.57065290450981 11825331 1 1 54
3 0.544759825327511 11825331 1 1 54
1 0.935925359090008 11825332 1 1 54
2 1.09381580784377 11825332 1 1 54
3 1.08951965065502 11825332 1 1 54
1 0.916805331325146 11825333 1 1 54
2 1.08832005825508 11825333 1 1 54
3 2.17903930131004 11825333 1 1 54
4 0.869405785934681 11825341 2 1 54
5 1.47210763711708 11825341 2 1 54
6 2.73333333333333 11825341 2 1 54
1 0.969017714836885 11825431 1 1 54
2 0.767788545479223 11825431 1 1 54
3 1.08951965065502 11825431 1 1 54
1 1.01483224290423 11825432 1 1 54
2 1.06682197898166 11825432 1 1 54
3 1.63427947598253 11825432 1 1 54
1 0.902538849069826 11825433 1 1 54
2 1.06407410418731 11825433 1 1 54
3 1.08951965065502 11825433 1 1 54
4 0.950941415745235 11825441 2 1 54
5 0.829780470630264 11825441 2 1 54
6 2.05 11825441 2 1 54
4 0.995301544170863 11825442 2 1 54
5 1.86787526820132 11825442 2 1 54
6 0.683333333333333 11825442 2 1 54
4 1.02146940596132 11825443 2 1 54
5 1.23168804814067 11825443 2 1 54
6 1.36666666666667 11825443 2 1 54
1 0.998653757872422 11925531 1 1 55
2 1.05599211949806 11925531 1 1 55
3 1.63427947598253 11925531 1 1 55
1 0.981225117179067 11925532 1 1 55
2 1.05065800960315 11925532 1 1 55
3 0.544759825327511 11925532 1 1 55
1 1.09278312533021 11925533 1 1 55
2 0.73820848151655 11925533 1 1 55
3 2.17903930131004 11925533 1 1 55
4 0.997938104552773 11925541 2 1 55
5 0.485795520248636 11925541 2 1 55
6 0 11925541 2 1 55
1 0.936145974794987 11925631 1 1 55
2 1.50050127740708 11925631 1 1 55
3 0.544759825327511 11925631 1 1 55
1 0.978798344424295 11925632 1 1 55
2 1.22846167276676 11925632 1 1 55
3 0.544759825327511 11925632 1 1 55
1 1.07638402459342 11925633 1 1 55
2 1.49241929271782 11925633 1 1 55
3 0 11925633 1 1 55
4 1.01487800500654 11925641 2 1 55
5 0.912336858721855 11925641 2 1 55
6 0 11925641 2 1 55
4 0.89333257140051 11925642 2 1 55
5 1.20579670778936 11925642 2 1 55
6 0 11925642 2 1 55
1 1.05947015387835 11925731 1 1 55
2 0.991336241984015 11925731 1 1 55
3 1.63427947598253 11925731 1 1 55
1 1.04035012611349 11925732 1 1 55
2 0.986002132089107 11925732 1 1 55
3 0.544759825327511 11925732 1 1 55
1 1.027848569498 11925733 1 1 55
2 1.4547572440659 11925733 1 1 55
3 4.35807860262009 11925733 1 1 55
4 1.0014315470588 11925741 2 1 55
5 0.675616032652777 11925741 2 1 55
6 0 11925741 2 1 55
4 1.00934122820453 11925742 2 1 55
5 1.72362351481547 11925742 2 1 55
6 0 11925742 2 1 55
4 1.05904039140353 11925743 2 1 55
5 0.785395315742312 11925743 2 1 55
6 1.36666666666667 11925743 2 1 55
1 0.942249675966078 12025831 1 1 55
2 0.969838162710597 12025831 1 1 55
3 0 12025831 1 1 55
1 0.957692775314621 12025832 1 1 55
2 0.964504052815689 12025832 1 1 55
3 0 12025832 1 1 55
4 1.01791004944574 12025841 2 1 55
5 1.33029706725007 12025841 2 1 55
6 0 12025841 2 1 55
1 0.899376690631791 12025931 1 1 55
2 0.948340083437179 12025931 1 1 55
3 0 12025931 1 1 55
1 0.954751232581565 12025932 1 1 55
2 1.66214097119218 12025932 1 1 55
3 0 12025932 1 1 55
4 0.901044510517596 12025943 2 1 55
5 1.17620660453073 12025943 2 1 55
6 0 12025943 2 1 55
1 1.0175531699323 12026032 1 1 55
2 0.916012144680159 12026032 1 1 55
3 0.544759825327511 12026032 1 1 55
1 0.948132761432189 12026033 1 1 55
2 0.603400976899777 12026033 1 1 55
3 0.544759825327511 12026033 1 1 55
4 0.997938104552773 12026042 2 1 55
5 1.69277583216835 12026042 2 1 55
6 0 12026042 2 1 55
4 1.02562198856282 12026043 2 1 55
5 1.30196454337993 12026043 2 1 55
6 1.36666666666667 12026043 2 1 55
1 1.00990515882636 12126131 1 1 55
2 1.36052130258918 12126131 1 1 55
3 1.08951965065502 12126131 1 1 55
4 0.932221837033677 12126141 2 1 55
5 1.1466165012721 12126141 2 1 55
6 5.46666666666667 12126141 2 1 55
4 0.961883141330159 12126142 2 1 55
5 1.37224103861919 12126142 2 1 55
6 0.683333333333333 12126142 2 1 55
4 1.00894574414725 12126143 2 1 55
5 0.738495002077376 12126143 2 1 55
6 0 12126143 2 1 55
1 1.02049471266536 12126231 1 1 55
2 0.541492974180083 12126231 1 1 55
3 0 12126231 1 1 55
1 0.941293674577835 12126232 1 1 55
2 0.843274282476864 12126232 1 1 55
3 0 12126232 1 1 55
1 0.969973716225128 12126233 1 1 55
2 1.55982304502621 12126233 1 1 55
3 0.544759825327511 12126233 1 1 55
4 0.991544445626642 12126241 2 1 55
5 0.398208814603077 12126241 2 1 55
6 0 12126241 2 1 55
4 0.974209061115587 12126242 2 1 55
5 0.83096407476061 12126242 2 1 55
6 1.36666666666667 12126242 2 1 55
4 0.984557560614582 12126243 2 1 55
5 1.35374722408254 12126243 2 1 55
6 0 12126243 2 1 55
1 0.985196199868692 12126331 1 1 56
2 0.506417160628717 12126331 1 1 56
3 0 12126331 1 1 56
1 0.95872231527119 12126332 1 1 56
2 0.821614563509661 12126332 1 1 56
3 0.544759825327511 12126332 1 1 56
1 0.99277067240631 12126333 1 1 56
2 0.816280453614753 12126333 1 1 56
3 0 12126333 1 1 56
4 0.995499286199506 12126342 2 1 56
5 0.812470260223963 12126342 2 1 56
6 2.73333333333333 12126342 2 1 56
4 0.998794986676893 12126343 2 1 56
5 1.64469191437306 12126343 2 1 56
6 4.78333333333333 12126343 2 1 56
1 0.980048500085844 12226431 1 1 56
2 1.73487883339547 12226431 1 1 56
3 1.08951965065502 12226431 1 1 56
1 1.02931934086453 12226432 1 1 56
2 1.49791504230652 12226432 1 1 56
3 1.08951965065502 12226432 1 1 56
1 1.00968454312138 12226433 1 1 56
2 1.24737351693961 12226433 1 1 56
3 1.08951965065502 12226433 1 1 56
4 0.929585276651767 12226441 2 1 56
5 0.937044594942815 12226441 2 1 56
6 1.36666666666667 12226441 2 1 56
4 0.939933776150762 12226442 2 1 56
5 0.691668663670587 12226442 2 1 56
6 2.73333333333333 12226442 2 1 56
4 0.930046674718601 12226443 2 1 56
5 0.932088252646994 12226443 2 1 56
6 1.36666666666667 12226443 2 1 56
1 1.01483224290423 12226531 1 1 56
2 2.00158432814089 12226531 1 1 56
3 0.544759825327511 12226531 1 1 56
1 0.986887586940199 12226532 1 1 56
2 0.961756178021342 12226532 1 1 56
3 0.544759825327511 12226532 1 1 56
1 1.00233068628874 12226533 1 1 56
2 1.4655871035495 12226533 1 1 56
3 0 12226533 1 1 56
4 0.980141321974883 12226541 2 1 56
5 1.93940934282907 12226541 2 1 56
6 1.36666666666667 12226541 2 1 56
4 1.01421886491106 12226542 2 1 56
5 1.22798928523334 12226542 2 1 56
6 0.683333333333333 12226542 2 1 56
4 0.945668294981415 12226543 2 1 56
5 1.61635939050292 12226543 2 1 56
6 0 12226543 2 1 56
1 0.964605400737302 12226631 1 1 56
2 0.937510223953577 12226631 1 1 56
3 1.63427947598253 12226631 1 1 56
1 0.983725428502164 12226632 1 1 56
2 1.19613373400974 12226632 1 1 56
3 1.63427947598253 12226632 1 1 56
1 0.985931585551956 12226633 1 1 56
2 1.18805174932048 12226633 1 1 56
3 2.72379912663755 12226633 1 1 56
4 1.02608338662966 12226641 2 1 56
5 1.81609258749871 12226641 2 1 56
6 2.73333333333333 12226641 2 1 56
4 0.996817566390461 12226642 2 1 56
5 1.21563541712286 12226642 2 1 56
6 1.36666666666667 12226642 2 1 56
4 1.02674252672513 12226643 2 1 56
5 1.07020005960667 12226643 2 1 56
6 3.41666666666667 12226643 2 1 56
1 0.951074304165245 122431 1 1 48
2 1.6944689099492 122431 1 1 48
3 1.08951965065502 122431 1 1 48
1 1.01461162719925 122432 1 1 48
2 0.487666956149645 122432 1 1 48
3 0.544759825327511 122432 1 1 48
1 1.04329166884654 122433 1 1 48
2 0.950926318537741 122433 1 1 48
3 0.544759825327511 122433 1 1 48
4 0.984755302643225 122442 2 1 48
5 0.4388952065837 122442 2 1 48
6 0.683333333333333 122442 2 1 48
4 0.916204732713576 122443 2 1 48
5 1.6028219182621 122443 2 1 48
6 0 122443 2 1 48
1 1.01799440134226 122531 1 1 48
2 0.932176114058669 122531 1 1 48
3 0 122531 1 1 48
1 0.945485372972439 122532 1 1 48
2 0.72204451213804 122532 1 1 48
3 0 122532 1 1 48
1 0.959898932364412 122533 1 1 48
2 1.43325916479248 122533 1 1 48
3 0.544759825327511 122533 1 1 48
4 1.05416275469699 122541 2 1 48
5 1.59542439244744 122541 2 1 48
6 0.683333333333333 122541 2 1 48
4 0.964124217654782 122542 2 1 48
5 0.659637376893115 122542 2 1 48
6 1.36666666666667 122542 2 1 48
4 0.961026259206039 122543 2 1 48
5 1.36358593341603 122543 2 1 48
6 0 122543 2 1 48
1 1.00233068628874 122631 1 1 48
2 0.703132667965183 122631 1 1 48
3 0 122631 1 1 48
1 0.983725428502164 122632 1 1 48
2 0.444509157909024 122632 1 1 48
3 0 122632 1 1 48
1 1.04005597184018 122633 1 1 48
2 1.41159944582527 122633 1 1 48
3 0.544759825327511 122633 1 1 48
4 0.981657344194481 122641 2 1 48
5 1.35500480347103 122641 2 1 48
6 0 122641 2 1 48
4 0.967617660160813 122642 2 1 48
5 1.35500480347103 122642 2 1 48
6 0 122642 2 1 48
4 0.962344539396993 122643 2 1 48
5 1.45857016487625 122643 2 1 48
6 0 122643 2 1 48
1 1.00284545626703 12326731 1 1 56
2 1.41968143051453 12326731 1 1 56
3 0 12326731 1 1 56
1 0.987402356918484 12326732 1 1 56
2 1.16913990514763 12326732 1 1 56
3 0.544759825327511 12326732 1 1 56
1 1.03373165496411 12326733 1 1 56
2 0.70588054275953 12326733 1 1 56
3 0.544759825327511 12326733 1 1 56
4 1.03860704844373 12326741 2 1 56
5 1.20335552427053 12326741 2 1 56
6 2.05 12326741 2 1 56
4 1.07373921553267 12326742 2 1 56
5 1.05784619149619 12326742 2 1 56
6 1.36666666666667 12326742 2 1 56
1 0.955780772538134 12326831 1 1 56
2 0.684220823792326 12326831 1 1 56
3 0.544759825327511 12326831 1 1 56
1 0.996668216527609 12326832 1 1 56
2 1.13955984118495 12326832 1 1 56
3 1.08951965065502 12326832 1 1 56
4 1.0058477856985 12326841 2 1 56
5 1.0480074821627 12326841 2 1 56
6 2.05 12326841 2 1 56
4 0.966760778036692 12326842 2 1 56
5 1.26993325660246 12326842 2 1 56
6 0 12326842 2 1 56
1 0.987843588328442 12326931 1 1 56
2 0.643810900346051 12326931 1 1 56
3 0 12326931 1 1 56
1 0.962619859392489 12326932 1 1 56
2 0.64122466524549 12326932 1 1 56
3 0.544759825327511 12326932 1 1 56
1 0.972694643253205 12326933 1 1 56
2 0.832444422993263 12326933 1 1 56
3 2.17903930131004 12326933 1 1 56
4 1.02120574992312 12326941 2 1 56
5 1.5658342891888 12326941 2 1 56
6 1.36666666666667 12326941 2 1 56
4 0.933144633167345 12326942 2 1 56
5 1.02951366762605 12326942 2 1 56
6 2.73333333333333 12326942 2 1 56
4 0.921675595506038 12326943 2 1 56
5 0.297158611974839 12326943 2 1 56
6 3.41666666666667 12326943 2 1 56
1 1.0359378120139 12427031 1 1 56
2 0.805450594131151 12427031 1 1 56
3 1.63427947598253 12427031 1 1 56
1 1.01505285860921 12427032 1 1 56
2 1.04532389970824 12427032 1 1 56
3 1.63427947598253 12427032 1 1 56
1 1.08785604125234 12427033 1 1 56
2 0.797368609441896 12427033 1 1 56
3 2.17903930131004 12427033 1 1 56
4 1.07110265515076 12427041 2 1 56
5 0.713861241114563 12427041 2 1 56
6 3.41666666666667 12427041 2 1 56
4 0.930508072785435 12427042 2 1 56
5 1.23412923165951 12427042 2 1 56
6 1.36666666666667 12427042 2 1 56
4 1.03682737018594 12427043 2 1 56
5 1.15157284356792 12427043 2 1 56
6 0 12427043 2 1 56
1 1.06094092524488 12427131 1 1 57
2 0.950926318537741 12427131 1 1 57
3 1.08951965065502 12427131 1 1 57
1 0.995491599434387 12427132 1 1 57
2 1.42517718010322 12427132 1 1 57
3 0 12427132 1 1 57
1 1.00475745904351 12427133 1 1 57
2 0.684220823792326 12427133 1 1 57
3 0 12427133 1 1 57
4 1.02516059049599 12427141 2 1 57
5 1.9689994460877 12427141 2 1 57
6 0 12427141 2 1 57
4 1.02647887068694 12427142 2 1 57
5 1.59172562954011 12427142 2 1 57
6 0.683333333333333 12427142 2 1 57
4 1.0262811286583 12427143 2 1 57
5 1.17746418391922 12427143 2 1 57
6 0 12427143 2 1 57
1 1.06189692663312 12427231 1 1 57
2 0.681634588691765 12427231 1 1 57
3 0 12427231 1 1 57
1 1.02490702676494 12427232 1 1 57
2 0.676138839103071 12427232 1 1 57
3 0 12427232 1 1 57
1 0.948868147115453 12527331 1 1 57
2 0.913264269885812 12527331 1 1 57
3 4.9028384279476 12527331 1 1 57
1 1.04917475431265 12527332 1 1 57
2 1.38735349175751 12527332 1 1 57
3 1.08951965065502 12527332 1 1 57
1 0.906951163169409 12527333 1 1 57
2 0.646558775140398 12527333 1 1 57
3 1.63427947598253 12527333 1 1 57
4 0.990357993454783 12527341 2 1 57
5 1.9516892356814 12527341 2 1 57
6 1.36666666666667 12527341 2 1 57
4 0.951139157773878 12527342 2 1 57
5 1.57441541913381 12527342 2 1 57
6 0.683333333333333 12527342 2 1 57
4 1.02318317020956 12527343 2 1 57
5 1.47580640002441 12527343 2 1 57
6 0.683333333333333 12527343 2 1 57
1 0.963575860780732 12527431 1 1 57
2 0.886270441023701 12527431 1 1 57
3 3.81331877729258 12527431 1 1 57
1 0.984681429890407 12527432 1 1 57
2 1.35777342779484 12527432 1 1 57
3 0 12527432 1 1 57
1 0.975342031712955 12527433 1 1 57
2 0.872854346439538 12527433 1 1 57
3 0 12527433 1 1 57
4 0.978625299755285 12527441 2 1 57
5 1.46596769069091 12527441 2 1 57
6 0 12527441 2 1 57
4 0.971111102666843 12527442 2 1 57
5 1.46345253191393 12527442 2 1 57
6 0 12527442 2 1 57
1 1.02490702676494 12527531 1 1 57
2 0.853942502266681 12527531 1 1 57
3 0 12527531 1 1 57
1 1.03711442910713 12527532 1 1 57
2 1.09914991773868 12527532 1 1 57
3 2.17903930131004 12527532 1 1 57
1 0.967252789197052 12527533 1 1 57
2 1.97733837407312 12527533 1 1 57
3 0.544759825327511 12527533 1 1 57
4 0.973747663048752 12527541 2 1 57
5 1.65704578248354 12527541 2 1 57
6 0 12527541 2 1 57
4 1.04757135374222 12527542 2 1 57
5 1.5485240787825 12527542 2 1 57
6 0 12527542 2 1 57
4 1.01507574703518 12527543 2 1 57
5 1.7630523274076 12527543 2 1 57
6 1.36666666666667 12527543 2 1 57
1 1.0646178536612 12627631 1 1 57
2 1.61106282795609 12627631 1 1 57
3 0 12627631 1 1 57
1 1.03836458476867 12627632 1 1 57
2 1.96392227948896 12627632 1 1 57
3 0 12627632 1 1 57
1 0.974900800302997 12627633 1 1 57
2 0.827110313098354 12627633 1 1 57
3 0 12627633 1 1 57
4 1.00321122531659 12627641 2 1 57
5 1.64350831024272 12627641 2 1 57
6 1.36666666666667 12627641 2 1 57
1 1.05476368550546 12627731 1 1 57
2 0.805450594131151 12627731 1 1 57
3 0 12627731 1 1 57
1 0.998874373577401 12627732 1 1 57
2 0.54424084897443 12627732 1 1 57
3 1.08951965065502 12627732 1 1 57
1 1.04645382728458 12627733 1 1 57
2 0.541492974180083 12627733 1 1 57
3 0 12627733 1 1 57
4 0.988248745149255 12627741 2 1 57
5 1.11828397740195 12627741 2 1 57
6 0.683333333333333 12627741 2 1 57
4 0.960367119110561 12627743 2 1 57
5 0.887703097759042 12627743 2 1 57
6 0.683333333333333 12627743 2 1 57
1 1.06755939639425 12627831 1 1 57
2 1.01558219605178 12627831 1 1 57
3 0 12627831 1 1 57
1 1.06947139917074 12627832 1 1 57
2 1.01024808615687 12627832 1 1 57
3 0 12627832 1 1 57
4 0.996158426294984 12627841 2 1 57
5 0.712603661726071 12627841 2 1 57
6 1.36666666666667 12627841 2 1 57
4 1.04869189190453 12627842 2 1 57
5 1.09727500408832 12627842 2 1 57
6 0 12627842 2 1 57
1 1.01189070017117 12727931 1 1 58
2 0.916012144680159 12727931 1 1 58
3 0 12727931 1 1 58
4 1.04275963104524 12727941 2 1 58
5 1.05288984920037 12727941 2 1 58
6 0 12727941 2 1 58
4 1.06101781168996 12727942 2 1 58
5 1.36728469632336 12727942 2 1 58
6 1.36666666666667 12727942 2 1 58
4 1.05416275469699 12727943 2 1 58
5 0.823566548945951 12727943 2 1 58
6 0.683333333333333 12727943 2 1 58
1 0.994976829456102 12728031 1 1 58
2 1.12339587180644 12728031 1 1 58
3 0.544759825327511 12728031 1 1 58
1 0.994976829456102 12728032 1 1 58
2 0.643810900346051 12728032 1 1 58
3 1.08951965065502 12728032 1 1 58
1 0.999609759260665 12728033 1 1 58
2 0.638476790451143 12728033 1 1 58
3 0 12728033 1 1 58
4 0.996619824361818 12728041 2 1 58
5 0.655938613985785 12728041 2 1 58
6 1.36666666666667 12728041 2 1 58
4 0.929189792594481 12728042 2 1 58
5 0.516569227637616 12728042 2 1 58
6 3.41666666666667 12728042 2 1 58
4 1.00960488424272 12728043 2 1 58
5 0.652239851078456 12728043 2 1 58
6 1.36666666666667 12728043 2 1 58
1 0.97953373010756 12728131 1 1 58
2 0.875602221233884 12728131 1 1 58
3 1.08951965065502 12728131 1 1 58
1 0.914599174275354 12728132 1 1 58
2 0.619564946278287 12728132 1 1 58
3 1.08951965065502 12728132 1 1 58
1 0.933204432061932 12728133 1 1 58
2 1.09106793304942 12728133 1 1 58
3 0.544759825327511 12728133 1 1 58
4 0.972033898800511 12728141 2 1 58
5 1.34879088178672 12728141 2 1 58
6 1.36666666666667 12728141 2 1 58
4 1.00914348617589 12728142 2 1 58
5 1.34760727765637 12728142 2 1 58
6 0.683333333333333 12728142 2 1 58
4 0.942108938465838 12728143 2 1 58
5 1.34634969826788 12728143 2 1 58
6 2.73333333333333 12728143 2 1 58
1 0.944970602994154 12828231 1 1 58
2 0.565738928247848 12828231 1 1 58
3 0.544759825327511 12828231 1 1 58
1 0.902833003343131 12828232 1 1 58
2 0.810946343719845 12828232 1 1 58
3 0.544759825327511 12828232 1 1 58
1 0.942249675966078 12828233 1 1 58
2 0.557656943558593 12828233 1 1 58
3 0.544759825327511 12828233 1 1 58
4 0.9504800176784 12828241 2 1 58
5 0.265053349939221 12828241 2 1 58
6 0.683333333333333 12828241 2 1 58
4 0.937099473740209 12828242 2 1 58
5 0.922249543313498 12828242 2 1 58
6 1.36666666666667 12828242 2 1 58
4 0.973747663048752 12828243 2 1 58
5 0.260170982901546 12828243 2 1 58
6 0 12828243 2 1 58
1 1.0437329002565 12828332 1 1 58
2 0.897100300507302 12828332 1 1 58
3 1.08951965065502 12828332 1 1 58
1 0.962840475097468 12828333 1 1 58
2 0.665470619313255 12828333 1 1 58
3 0 12828333 1 1 58
4 1.01487800500654 12828341 2 1 58
5 1.46226892778358 12828341 2 1 58
6 0 12828341 2 1 58
4 1.02232628808544 12828342 2 1 58
5 0.944442120757474 12828342 2 1 58
6 0.683333333333333 12828342 2 1 58
4 0.9709133606382 12828343 2 1 58
5 0.194776854699963 12828343 2 1 58
6 1.36666666666667 12828343 2 1 58
1 0.941514290282814 12828431 1 1 58
2 0.64122466524549 12828431 1 1 58
3 1.08951965065502 12828431 1 1 58
1 0.968282329153621 12828432 1 1 58
2 0.862024486955936 12828432 1 1 58
3 1.08951965065502 12828432 1 1 58
1 0.971444487591656 12828433 1 1 58
2 1.50858326209633 12828433 1 1 58
3 1.63427947598253 12828433 1 1 58
4 0.892277947247747 12828441 2 1 58
5 0.844575522259582 12828441 2 1 58
6 1.36666666666667 12828441 2 1 58
4 0.878633747271365 12828442 2 1 58
5 1.24278433686266 12828442 2 1 58
6 3.41666666666667 12828442 2 1 58
1 0.96607617210383 12928531 1 1 58
2 0.600814741799215 12928531 1 1 58
3 1.08951965065502 12928531 1 1 58
1 0.929748119350591 12928532 1 1 58
2 1.10189779253302 12928532 1 1 58
3 2.72379912663755 12928532 1 1 58
1 0.969238330541864 12928533 1 1 58
2 0.819028328409099 12928533 1 1 58
3 1.63427947598253 12928533 1 1 58
4 0.95661002056634 12928541 2 1 58
5 1.23043046875218 12928541 2 1 58
6 3.41666666666667 12928541 2 1 58
4 0.947645715267848 12928542 2 1 58
5 1.22303294293752 12928542 2 1 58
6 2.73333333333333 12928542 2 1 58
4 0.964321959683426 12928543 2 1 58
5 0.822382944815606 12928543 2 1 58
6 1.36666666666667 12928543 2 1 58
1 0.967988174880316 12928631 1 1 58
2 0.802864359030589 12928631 1 1 58
3 0 12928631 1 1 58
1 0.96607617210383 12928632 1 1 58
2 0.800116484236243 12928632 1 1 58
3 2.72379912663755 12928632 1 1 58
1 0.941514290282814 12928633 1 1 58
2 0.571073038142757 12928633 1 1 58
3 1.08951965065502 12928633 1 1 58
4 0.97440680314423 12928641 2 1 58
5 1.21319423360402 12928641 2 1 58
6 1.36666666666667 12928641 2 1 58
4 0.939736034122119 12928642 2 1 58
5 1.21193665421553 12928642 2 1 58
6 0.683333333333333 12928642 2 1 58
4 0.941911196437194 12928643 2 1 58
5 0.667034902707773 12928643 2 1 58
6 2.73333333333333 12928643 2 1 58
1 0.981004501474087 12928731 1 1 59
2 1.03982815011955 12928731 1 1 59
3 0.544759825327511 12928731 1 1 59
1 0.959457700954454 12928732 1 1 59
2 1.03724191501898 12928732 1 1 59
3 1.63427947598253 12928732 1 1 59
1 0.889081291066096 12928733 1 1 59
2 0.73820848151655 12928733 1 1 59
3 0 12928733 1 1 59
4 0.903878812928149 12928741 2 1 59
5 0.641143562356468 12928741 2 1 59
6 2.73333333333333 12928741 2 1 59
4 0.926750974241214 12928742 2 1 59
5 0.869209283222395 12928742 2 1 59
6 1.36666666666667 12928742 2 1 59
1 1.05696984255525 13028831 1 1 59
2 1.01024808615687 13028831 1 1 59
3 1.08951965065502 13028831 1 1 59
1 0.943720447332606 13028832 1 1 59
2 1.67297083067578 13028832 1 1 59
3 4.9028384279476 13028832 1 1 59
1 0.974386030324712 13028833 1 1 59
2 1.67297083067578 13028833 1 1 59
3 1.63427947598253 13028833 1 1 59
4 0.974209061115587 13028841 2 1 59
5 1.17746418391922 13028841 2 1 59
6 4.1 13028841 2 1 59
4 1.0161962851975 13028842 2 1 59
5 1.17620660453073 13028842 2 1 59
6 3.41666666666667 13028842 2 1 59
1 0.996962370800915 13028931 1 1 59
2 0.988750006883454 13028931 1 1 59
3 0.544759825327511 13028931 1 1 59
1 0.979018960129275 13028932 1 1 59
2 0.986002132089107 13028932 1 1 59
3 0 13028932 1 1 59
1 1.02659841383645 13028933 1 1 59
2 1.65147275140236 13028933 1 1 59
3 5.44759825327511 13028933 1 1 59
4 0.954632600279908 13028941 2 1 59
5 1.16636789519723 13028941 2 1 59
6 2.05 13028941 2 1 59
4 0.930705814814079 13028942 2 1 59
5 1.35870356637836 13028942 2 1 59
6 3.41666666666667 13028942 2 1 59
4 0.962542281425637 13028943 2 1 59
5 1.16385273642025 13028943 2 1 59
6 2.73333333333333 13028943 2 1 59
1 0.950853688460266 13029031 1 1 59
2 0.969838162710597 13029031 1 1 59
3 4.9028384279476 13029031 1 1 59
1 0.971223871886677 13029032 1 1 59
2 1.32819336383216 13029032 1 1 59
3 4.35807860262009 13029032 1 1 59
1 0.998433142167443 13029033 1 1 59
2 0.967090287916251 13029033 1 1 59
3 0.544759825327511 13029033 1 1 59
4 0.946525177105536 13029041 2 1 59
5 1.35004846117521 13029041 2 1 59
6 0 13029041 2 1 59
4 0.993324123884431 13029042 2 1 59
5 0.612737063228178 13029042 2 1 59
6 2.73333333333333 13029042 2 1 59
4 0.999454126772371 13029043 2 1 59
5 1.25018186267732 13029043 2 1 59
6 5.46666666666667 13029043 2 1 59
1 1.01387624151599 13129131 1 2 72
2 0.57656878773145 13129131 1 2 72
3 1.63427947598253 13129131 1 2 72
1 1.0317461136193 13129132 1 2 72
2 0.573820912937103 13129132 1 2 72
3 0.544759825327511 13129132 1 2 72
1 1.02439225678666 13129133 1 2 72
2 0.387935265084239 13129133 1 2 72
3 0 13129133 1 2 72
4 0.990226165435687 13129141 2 2 72
5 1.33769459306473 13129141 2 2 72
6 0.683333333333333 13129141 2 2 72
4 0.94962313555428 13129142 2 2 72
5 0.960420776517137 13129142 2 2 72
6 1.36666666666667 13129142 2 2 72
4 1.03135650739348 13129143 2 2 72
5 0.387112525881089 13129143 2 2 72
6 2.05 13129143 2 2 72
1 0.995197445161081 13129231 1 2 72
2 0.366437185810821 13129231 1 2 72
3 0.544759825327511 13129231 1 2 72
1 0.997697756484179 13129232 1 2 72
2 0.360941436222127 13129232 1 2 72
3 1.08951965065502 13129232 1 2 72
1 1.04424767023479 13129233 1 2 72
2 0.358355201121566 13129233 1 2 72
3 0 13129233 1 2 72
4 1.03880479047237 13129241 2 2 72
5 0.172584277255987 13129241 2 2 72
6 6.15 13129241 2 2 72
4 0.971374758705034 13129242 2 2 72
5 0.376016237159101 13129242 2 2 72
6 0.683333333333333 13129242 2 2 72
4 0.993785521951265 13129243 2 2 72
5 0.748407686669019 13129243 2 2 72
6 0 13129243 2 2 72
1 1.017259015659 13229431 1 2 73
2 0.487666956149645 13229431 1 2 73
3 0 13229431 1 2 73
1 1.01608239856578 13229432 1 2 73
2 0.482171206560952 13229432 1 2 73
3 3.26855895196507 13229432 1 2 73
1 1.05895538390006 13229433 1 2 73
2 0.740794716617111 13229433 1 2 73
3 3.26855895196507 13229433 1 2 73
4 0.951139157773878 13229441 2 2 73
5 0.919734384536514 13229441 2 2 73
6 0.683333333333333 13229441 2 2 73
4 1.00340896734524 13229442 2 2 73
5 0.801373971501975 13229442 2 2 73
6 6.83333333333333 13229442 2 2 73
4 1.04163909288292 13229443 2 2 73
5 0.22562453734709 13229443 2 2 73
6 3.41666666666667 13229443 2 2 73
1 0.993506058089574 13229531 1 2 73
2 1.70804664422715 13229531 1 2 73
3 1.08951965065502 13229531 1 2 73
1 1.01409685722096 13229532 1 2 73
2 0.713962527448785 13229532 1 2 73
3 0.544759825327511 13229532 1 2 73
1 0.98563743127865 13229533 1 2 73
2 1.2203796880775 13229533 1 2 73
3 3.81331877729258 13229533 1 2 73
4 1.02911543106885 13229541 2 2 73
5 1.57197423561497 13229541 2 2 73
6 0 13229541 2 2 73
4 1.06695007254926 13229542 2 2 73
5 0.901240569999867 13229542 2 2 73
6 6.15 13229542 2 2 73
4 1.02871994701157 13229543 2 2 73
5 1.27481562364013 13229543 2 2 73
6 1.36666666666667 13229543 2 2 73
1 1.01630301427076 13229631 1 2 73
2 1.16655367004706 13229631 1 2 73
3 1.63427947598253 13229631 1 2 73
1 1.02167132975858 13229632 1 2 73
2 1.16105792045837 13229632 1 2 73
3 3.81331877729258 13229632 1 2 73
1 1.04108551179675 13229633 1 2 73
2 0.889018315818047 13229633 1 2 73
3 1.63427947598253 13229633 1 2 73
4 1.00209068715428 13229641 2 2 73
5 0.184938145366467 13229641 2 2 73
6 0.683333333333333 13229641 2 2 73
4 1.03023596923116 13229642 2 2 73
5 1.12316634443963 13229642 2 2 73
6 4.78333333333333 13229642 2 2 73
4 1.0337294117372 13229643 2 2 73
5 1.12198274030928 13229643 2 2 73
6 2.05 13229643 2 2 73
1 0.987108202645178 132731 1 1 49
2 1.36860328727844 132731 1 1 49
3 0 132731 1 1 49
1 1.04152674320671 132732 1 1 49
2 1.36585541248409 132732 1 1 49
3 0 132732 1 1 49
1 0.956957389631357 132733 1 1 49
2 0.649306649934745 132733 1 1 49
3 0 132733 1 1 49
4 0.977966159659808 132743 2 1 49
5 1.56331913041182 132743 2 1 49
6 0 132743 2 1 49
1 1.05969076958333 132831 1 1 49
2 1.34435733321067 132831 1 1 49
3 2.17903930131004 132831 1 1 49
1 1.05674922685027 132832 1 1 49
2 1.34435733321067 132832 1 1 49
3 1.63427947598253 132832 1 1 49
1 1.0356436577406 132833 1 1 49
2 1.60298084326683 132833 1 1 49
3 0 132833 1 1 49
4 1.03926618853921 132841 2 1 49
5 1.67309841350135 132841 2 1 49
6 1.36666666666667 132841 2 1 49
4 1.04256188901659 132842 2 1 49
5 2.33266181513632 132842 2 1 49
6 2.05 132842 2 1 49
4 1.01817370548393 132843 2 1 49
5 2.30802805417351 132843 2 1 49
6 2.05 132843 2 1 49
1 0.977548188762747 132931 1 1 49
2 1.32819336383216 132931 1 1 49
3 0.544759825327511 132931 1 1 49
1 0.990049745378234 132932 1 1 49
2 1.32544548903782 132932 1 1 49
3 0 132932 1 1 49
4 0.994840146104029 132941 2 1 49
5 1.4240237193218 132941 2 1 49
6 2.05 132941 2 1 49
4 1.0102640243382 132943 2 1 49
5 0.961678355905629 132943 2 1 49
6 1.36666666666667 132943 2 1 49
1 1.02931934086453 13329731 1 2 73
2 1.11806176191153 13329731 1 2 73
3 2.17903930131004 13329731 1 2 73
1 1.01189070017117 13329732 1 2 73
2 1.59748509367814 13329732 1 2 73
3 1.08951965065502 13329732 1 2 73
1 1.00578699900008 13329733 1 2 73
2 0.845860517577426 13329733 1 2 73
3 0.544759825327511 13329733 1 2 73
4 1.00914348617589 13329741 2 2 73
5 0.861811757407736 13329741 2 2 73
6 4.1 13329741 2 2 73
4 0.938417753931164 13329742 2 2 73
5 1.52884666011551 13329742 2 2 73
6 2.05 13329742 2 2 73
4 1.00169520309699 13329743 2 2 73
5 1.52758908072702 13329743 2 2 73
6 0.683333333333333 13329743 2 2 73
1 1.0462332115796 13329831 1 2 73
2 1.82927641456597 13329831 1 2 73
3 1.63427947598253 13329831 1 2 73
1 1.02806918520298 13329832 1 2 73
2 1.57598701440472 13329832 1 2 73
3 1.08951965065502 13329832 1 2 73
1 1.03740858338043 13329833 1 2 73
2 1.57065290450981 13329833 1 2 73
3 0 13329833 1 2 73
4 1.02166714798996 13329841 2 2 73
5 1.21815057589984 13329841 2 2 73
6 0.683333333333333 13329841 2 2 73
4 0.997081222428652 13329843 2 2 73
5 1.86913284758981 13329843 2 2 73
6 2.73333333333333 13329843 2 2 73
1 0.988358358306727 13329931 1 2 73
2 1.07490396367091 13329931 1 2 73
3 1.63427947598253 13329931 1 2 73
1 1.00799315604987 13329933 1 2 73
2 1.06682197898166 13329933 1 2 73
3 0.544759825327511 13329933 1 2 73
4 0.947843457296491 13329941 2 2 73
5 1.2082378913082 13329941 2 2 73
6 4.1 13329941 2 2 73
4 1.00868208810905 13329942 2 2 73
5 1.49925655685687 13329942 2 2 73
6 0 13329942 2 2 73
4 0.9504800176784 13329943 2 2 73
5 1.59290923367045 13329943 2 2 73
6 0 13329943 2 2 73
1 0.974386030324712 134210031 1 2 73
2 2.09048615972269 134210031 1 2 73
3 0 134210031 1 2 73
1 1.03689381340215 134210032 1 2 73
2 0.783952514857733 134210032 1 2 73
3 1.08951965065502 134210032 1 2 73
1 0.987402356918484 134210033 1 2 73
2 1.52749510626919 134210033 1 2 73
3 0 134210033 1 2 73
4 0.987589605053778 134210041 2 2 73
5 2.00968583806832 134210041 2 2 73
6 0 134210041 2 2 73
4 0.991808101664833 134210043 2 2 73
5 2.11939114589971 134210043 2 2 73
6 0 134210043 2 2 73
1 1.04204151318499 134210131 1 2 74
2 1.24462564214527 134210131 1 2 74
3 2.72379912663755 134210131 1 2 74
1 1.0253482581749 134210132 1 2 74
2 1.71063287932771 134210132 1 2 74
3 2.72379912663755 134210132 1 2 74
1 1.07094217053727 134210133 1 2 74
2 1.23929153225036 134210133 1 2 74
3 0 134210133 1 2 74
4 1.04341877114071 134210141 2 2 74
5 1.35004846117521 134210141 2 2 74
6 0 134210141 2 2 74
4 1.05811759526986 134210142 2 2 74
5 1.81853377101754 134210142 2 2 74
6 1.36666666666667 134210142 2 2 74
4 1.01461434896835 134210143 2 2 74
5 1.27363201950978 134210143 2 2 74
6 0 134210143 2 2 74
1 0.996226985117651 134210231 1 2 74
2 1.69188267484864 134210231 1 2 74
3 0.544759825327511 134210231 1 2 74
1 0.881506818528477 134210232 1 2 74
2 1.21763181328315 134210232 1 2 74
3 0 134210232 1 2 74
1 0.978062958741032 134210233 1 2 74
2 1.44134114948173 134210233 1 2 74
3 0 134210233 1 2 74
4 0.970056478514079 134210241 2 2 74
5 1.54482531587517 134210241 2 2 74
6 0 134210241 2 2 74
4 0.984755302643225 134210242 2 2 74
5 1.80869506168405 134210242 2 2 74
6 0 134210242 2 2 74
4 0.951139157773878 134210243 2 2 74
5 1.4499150596731 134210243 2 2 74
6 0 134210243 2 2 74
1 0.949162301388759 135210331 1 2 74
2 1.19079962411483 135210331 1 2 74
3 1.63427947598253 135210331 1 2 74
1 1.01041992880464 135210332 1 2 74
2 1.65147275140236 135210332 1 2 74
3 0 135210332 1 2 74
1 0.993873750931206 135210333 1 2 74
2 1.94775831011045 135210333 1 2 74
3 0.544759825327511 135210333 1 2 74
4 1.01461434896835 135210341 2 2 74
5 1.79515758944322 135210341 2 2 74
6 0 135210341 2 2 74
4 0.994642404075386 135210342 2 2 74
5 1.13921897545744 135210342 2 2 74
6 0 135210342 2 2 74
4 1.0322133895176 135210343 2 2 74
5 1.43512000804378 135210343 2 2 74
6 0 135210343 2 2 74
1 0.998653757872422 135210431 1 2 74
2 1.93159434073194 135210431 1 2 74
3 0 135210431 1 2 74
1 1.0144645500626 135210432 1 2 74
2 1.38735349175751 135210432 1 2 74
3 0 135210432 1 2 74
1 1.05785230537517 135210433 1 2 74
2 1.92351235604268 135210433 1 2 74
3 1.63427947598253 135210433 1 2 74
4 1.03946393056785 135210441 2 2 74
5 1.8629189259055 135210441 2 2 74
6 2.05 135210441 2 2 74
4 1.02166714798996 135210442 2 2 74
5 1.4227661399333 135210442 2 2 74
6 0 135210442 2 2 74
4 1.04869189190453 135210443 2 2 74
5 1.42158253580296 135210443 2 2 74
6 0 135210443 2 2 74
1 1.05674922685027 135210531 1 2 74
2 1.36585541248409 135210531 1 2 74
3 1.08951965065502 135210531 1 2 74
1 1.02328917826176 135210532 1 2 74
2 1.13422573129004 135210532 1 2 74
3 0 135210532 1 2 74
1 0.983946044207143 135210533 1 2 74
2 1.89926640197492 135210533 1 2 74
3 0.544759825327511 135210533 1 2 74
4 1.09483169858795 135210541 2 2 74
5 2.0417171248458 135210541 2 2 74
6 0 135210541 2 2 74
4 1.01639402722614 135210542 2 2 74
5 1.50539650328304 135210542 2 2 74
6 0 135210542 2 2 74
4 1.04111178080654 135210543 2 2 74
5 1.50413892389455 135210543 2 2 74
6 0 135210543 2 2 74
1 1.01041992880464 136210631 1 2 74
2 0.587237007521267 136210631 1 2 74
3 0 136210631 1 2 74
1 0.971444487591656 136210632 1 2 74
2 1.33352747372707 136210632 1 2 74
3 0 136210632 1 2 74
1 0.953059845510058 136210633 1 2 74
2 1.33077959893272 136210633 1 2 74
3 2.17903930131004 136210633 1 2 74
4 1.00123380503016 136210641 2 2 74
5 1.21563541712286 136210641 2 2 74
6 0 136210641 2 2 74
4 0.916534302761315 136210642 2 2 74
5 0.864252940926574 136210642 2 2 74
6 0 136210642 2 2 74
4 1.04737361171358 136210643 2 2 74
5 1.21319423360402 136210643 2 2 74
6 0.683333333333333 136210643 2 2 74
1 1.03579073487725 136210732 1 2 74
2 1.5544889351313 136210732 1 2 74
3 1.08951965065502 136210732 1 2 74
4 1.06253383390956 136210741 2 2 74
5 0.854414231593078 136210741 2 2 74
6 1.36666666666667 136210741 2 2 74
4 1.05989727352765 136210742 2 2 74
5 1.59046805015162 136210742 2 2 74
6 4.78333333333333 136210742 2 2 74
4 1.03781608032915 136210743 2 2 74
5 1.20209794488204 136210743 2 2 74
6 0 136210743 2 2 74
1 0.986152201256935 136210831 1 2 74
2 0.821614563509661 136210831 1 2 74
3 0 136210831 1 2 74
1 0.953059845510058 136210832 1 2 74
2 0.819028328409099 136210832 1 2 74
3 0.544759825327511 136210832 1 2 74
1 0.937616746161515 136210833 1 2 74
2 0.819028328409099 136210833 1 2 74
3 0 136210833 1 2 74
4 1.03155424942212 136210841 2 2 74
5 1.58307052433696 136210841 2 2 74
6 2.73333333333333 136210841 2 2 74
4 0.967617660160813 136210842 2 2 74
5 1.0837375318475 136210842 2 2 74
6 0 136210842 2 2 74
4 1.02759940884926 136210843 2 2 74
5 1.37593980152651 136210843 2 2 74
6 2.05 136210843 2 2 74
1 1.01667070711239 137210931 1 2 75
2 0.765040670684876 137210931 1 2 75
3 5.44759825327511 137210931 1 2 75
1 1.04865998433437 137210932 1 2 75
2 1.51133113689068 137210932 1 2 75
3 1.08951965065502 137210932 1 2 75
1 1.01777378563728 137210933 1 2 75
2 1.47092121344441 137210933 1 2 75
3 2.72379912663755 137210933 1 2 75
4 1.05165802233418 137210942 2 2 75
5 1.85433779596049 137210942 2 2 75
6 2.05 137210942 2 2 75
4 1.03946393056785 137210943 2 2 75
5 1.61266062759559 137210943 2 2 75
6 2.05 137210943 2 2 75
1 1.18544172142146 137211031 1 2 75
2 2.50816312846339 137211031 1 2 75
3 2.17903930131004 137211031 1 2 75
1 1.1306554880183 137211032 1 2 75
2 0.452591142598279 137211032 1 2 75
3 2.72379912663755 137211032 1 2 75
1 1.01703839995402 137211033 1 2 75
2 1.45200936927155 137211033 1 2 75
3 2.17903930131004 137211033 1 2 75
4 0.930705814814079 137211041 2 2 75
5 0.560954382525568 137211041 2 2 75
6 1.36666666666667 137211041 2 2 75
1 1.00453684333853 137211132 1 2 75
2 0.716548762549346 137211132 1 2 75
3 3.81331877729258 137211132 1 2 75
1 1.01262608585444 137211133 1 2 75
2 0.969838162710597 137211133 1 2 75
3 1.63427947598253 137211133 1 2 75
4 0.995631114218602 137211141 2 2 75
5 0.897541807092538 137211141 2 2 75
6 2.73333333333333 137211141 2 2 75
4 0.896760099896993 137211142 2 2 75
5 1.95538799858873 137211142 2 2 75
6 2.05 137211142 2 2 75
4 1.02726983880152 137211143 2 2 75
5 1.64594949376156 137211143 2 2 75
6 0.683333333333333 137211143 2 2 75
1 1.1744109361725 138211231 1 2 75
2 2.47583518970637 138211231 1 2 75
3 3.26855895196507 138211231 1 2 75
1 1.11080007457017 138211232 1 2 75
2 1.95309242000536 138211232 1 2 75
3 2.17903930131004 138211232 1 2 75
1 1.14095088758399 138211233 1 2 75
2 0.406847109257096 138211233 1 2 75
3 3.81331877729258 138211233 1 2 75
4 0.964321959683426 138211241 2 2 75
5 0.790277682779987 138211241 2 2 75
6 2.73333333333333 138211241 2 2 75
4 0.886213858369355 138211242 2 2 75
5 0.193593250569618 138211242 2 2 75
6 0.683333333333333 138211242 2 2 75
4 0.924443983907043 138211243 2 2 75
5 0.638628403579484 138211243 2 2 75
6 2.05 138211243 2 2 75
1 1.15970322250722 138211331 1 2 75
2 0.662722744518908 138211331 1 2 75
3 1.63427947598253 138211331 1 2 75
1 1.10528468194569 138211332 1 2 75
2 1.37393739717335 138211332 1 2 75
3 3.26855895196507 138211332 1 2 75
4 0.927410114336692 138211341 2 2 75
5 0.779181394057999 138211341 2 2 75
6 4.1 138211341 2 2 75
4 0.88983912889448 138211342 2 2 75
5 0.887703097759042 138211342 2 2 75
6 0 138211342 2 2 75
4 0.936308505625637 138211343 2 2 75
5 1.00732109018207 138211343 2 2 75
6 0.683333333333333 138211343 2 2 75
1 1.11594777435302 138211431 1 2 75
2 2.42184753198215 138211431 1 2 75
3 1.63427947598253 138211431 1 2 75
1 1.12330163118566 138211432 1 2 75
2 1.11256601232284 138211432 1 2 75
3 0.544759825327511 138211432 1 2 75
1 1.13175856654319 138211433 1 2 75
2 1.8669384632179 138211433 1 2 75
3 1.08951965065502 138211433 1 2 75
4 0.883906868035184 138211441 2 2 75
5 0.625090931338658 138211441 2 2 75
6 0.683333333333333 138211441 2 2 75
4 0.85193857340453 138211443 2 2 75
5 0.622649747819821 138211443 2 2 75
6 3.41666666666667 138211443 2 2 75
1 0.940925981736203 140211831 1 2 76
2 1.32011137914291 140211831 1 2 76
3 0.544759825327511 140211831 1 2 76
1 0.9776952658994 140211832 1 2 76
2 1.78611861632535 140211832 1 2 76
3 0 140211832 1 2 76
1 1.00711069322996 140211833 1 2 76
2 0.988750006883454 140211833 1 2 76
3 0 140211833 1 2 76
4 0.959048838919607 140211841 2 2 76
5 1.15645521060559 140211841 2 2 76
6 0 140211841 2 2 76
4 0.956412278537697 140211842 2 2 76
5 0.978914591053783 140211842 2 2 76
6 1.36666666666667 140211842 2 2 76
4 1.00387036541207 140211843 2 2 76
5 1.0837375318475 140211843 2 2 76
6 0.683333333333333 140211843 2 2 76
1 1.06336769799965 140211931 1 2 76
2 3.77962095977698 140211931 1 2 76
3 0 140211931 1 2 76
1 1.05196921990906 140211932 1 2 76
2 2.02583028220865 140211932 1 2 76
3 0 140211932 1 2 76
1 1.01409685722096 140211933 1 2 76
2 0.959008303226996 140211933 1 2 76
3 0 140211933 1 2 76
4 1.06055641362312 140211941 2 2 76
5 0.231764483773256 140211941 2 2 76
6 0 140211941 2 2 76
4 1.02364456827639 140211942 2 2 76
5 1.49185903104222 140211942 2 2 76
6 0 140211942 2 2 76
4 1.02232628808544 140211943 2 2 76
5 1.8789715569233 140211943 2 2 76
6 0.683333333333333 140211943 2 2 76
1 1.00637530754669 140212031 1 2 76
2 1.16913990514763 140212031 1 2 76
3 0.544759825327511 140212031 1 2 76
1 1.00747838607159 140212033 1 2 76
2 1.16380579525272 140212033 1 2 76
3 1.08951965065502 140212033 1 2 76
4 1.03122467937438 140212041 2 2 76
5 1.30810448980609 140212041 2 2 76
6 2.05 140212041 2 2 76
4 1.02397413832413 140212042 2 2 76
5 1.4141850099883 140212042 2 2 76
6 0.683333333333333 140212042 2 2 76
4 1.02726983880152 140212043 2 2 76
5 1.47824758354324 140212043 2 2 76
6 0 140212043 2 2 76
1 1.02880457088624 141212131 1 3 103
2 0.716548762549346 141212131 1 3 103
3 2.17903930131004 141212131 1 3 103
1 0.965929094967177 141212132 1 3 103
2 0.288203574018832 141212132 1 3 103
3 4.35807860262009 141212132 1 3 103
1 0.993138365247942 141212133 1 3 103
2 0.474089221871697 141212133 1 3 103
3 0.544759825327511 141212133 1 3 103
4 1.00222251517338 141212141 2 3 103
5 0.34894129267745 141212141 2 3 103
6 0 141212141 2 3 103
4 1.0160644571784 141212142 2 3 103
5 0.346426133900466 141212142 2 3 103
6 0 141212142 2 3 103
4 1.07110265515076 141212143 2 3 103
5 1.58062934081812 141212143 2 3 103
6 0 141212143 2 3 103
1 1.02181840689524 141212231 1 3 103
2 0.929428239264322 141212231 1 3 103
3 4.35807860262009 141212231 1 3 103
1 0.94975060993537 141212232 1 3 103
2 0.433679298425422 141212232 1 3 103
3 2.17903930131004 141212232 1 3 103
1 0.990564515356518 141212233 1 3 103
2 0.43109306332486 141212233 1 3 103
3 1.08951965065502 141212233 1 3 103
4 0.992005843693476 141212241 2 3 103
5 0.212087065106264 141212241 2 3 103
6 0 141212241 2 3 103
4 1.01079133641458 141212242 2 3 103
5 0.426615313731366 141212242 2 3 103
6 0 141212242 2 3 103
4 0.993983263979908 141212243 2 3 103
5 0.551115673192072 141212243 2 3 103
6 2.05 141212243 2 3 103
1 1.04865998433437 141212331 1 3 103
2 0.635728915656796 141212331 1 3 103
3 4.35807860262009 141212331 1 3 103
1 1.00343376481364 141212332 1 3 103
2 0.633142680556235 141212332 1 3 103
3 0 141212332 1 3 103
1 1.03248149930256 141212333 1 3 103
2 0.627646930967542 141212333 1 3 103
3 0 141212333 1 3 103
4 1.00387036541207 141212341 2 3 103
5 0.193593250569618 141212341 2 3 103
6 0 141212341 2 3 103
4 0.994312834027647 141212342 2 3 103
5 1.10467252990298 141212342 2 3 103
6 0 141212342 2 3 103
4 1.0101321963191 141212343 2 3 103
5 1.35744598698987 141212343 2 3 103
6 0 141212343 2 3 103
1 1.06094092524488 1421031 1 1 49
2 1.57323913961037 1421031 1 1 49
3 2.72379912663755 1421031 1 1 49
1 1.07241294190379 1421032 1 1 49
2 1.57323913961037 1421032 1 1 49
3 4.35807860262009 1421032 1 1 49
1 1.08520865279259 1421033 1 1 49
2 1.31202939445365 1421033 1 1 49
3 3.26855895196507 1421033 1 1 49
4 1.07591437784775 1421041 2 1 49
5 0.95428083009097 1421041 2 1 49
6 2.73333333333333 1421041 2 1 49
1 1.01777378563728 142212431 1 3 103
2 0.853942502266681 142212431 1 3 103
3 0 142212431 1 3 103
1 1.03431996351072 142212432 1 3 103
2 1.33077959893272 142212432 1 3 103
3 2.17903930131004 142212432 1 3 103
1 1.04865998433437 142212433 1 3 103
2 1.11256601232284 142212433 1 3 103
3 0.544759825327511 142212433 1 3 103
4 1.10109352949498 142212442 2 3 103
5 0.0863291262570668 142212442 2 3 103
6 0 142212442 2 3 103
4 1.06187469381408 142212443 2 3 103
5 1.34139335597206 142212443 2 3 103
6 0 142212443 2 3 103
1 1.05123383422579 142212531 1 3 103
2 0.571073038142757 142212531 1 3 103
3 4.9028384279476 142212531 1 3 103
1 1.01409685722096 142212532 1 3 103
2 1.08573382315451 142212532 1 3 103
3 0 142212532 1 3 103
1 1.00674300038832 142212533 1 3 103
2 0.565738928247848 142212533 1 3 103
3 1.08951965065502 142212533 1 3 103
4 1.03089510932664 142212541 2 3 103
5 1.6385519679469 142212541 2 3 103
6 0 142212541 2 3 103
4 0.984755302643225 142212542 2 3 103
5 0.265053349939221 142212542 2 3 103
6 0 142212542 2 3 103
4 1.05627200300252 142212543 2 3 103
5 0.944442120757474 142212543 2 3 103
6 1.36666666666667 142212543 2 3 103
1 1.01262608585444 142212631 1 3 103
2 0.783952514857733 142212631 1 3 103
3 0.544759825327511 142212631 1 3 103
1 1.0122583930128 142212632 1 3 103
2 0.52807687959592 142212632 1 3 103
3 1.08951965065502 142212632 1 3 103
1 1.0144645500626 142212633 1 3 103
2 0.773122655374131 142212633 1 3 103
3 0.544759825327511 142212633 1 3 103
4 1.01771230741709 142212641 2 3 103
5 0.930830673258502 142212641 2 3 103
6 0 142212641 2 3 103
4 1.05396501266835 142212642 2 3 103
5 1.48934387226523 142212642 2 3 103
6 0 142212642 2 3 103
4 1.04473705133167 142212643 2 3 103
5 1.16015397351292 142212643 2 3 103
6 0 142212643 2 3 103
1 1.01887686416218 143212731 1 3 103
2 0.751624576100713 143212731 1 3 103
3 0 143212731 1 3 103
1 1.04718921296784 143212732 1 3 103
2 0.4957489408389 143212732 1 3 103
3 0 143212732 1 3 103
1 1.0225537925785 143212733 1 3 103
2 1.01024808615687 143212733 1 3 103
3 1.08951965065502 143212733 1 3 103
4 1.05791985324122 143212741 2 3 103
5 0.472184072749664 143212741 2 3 103
6 0 143212741 2 3 103
4 1.05462415276383 143212742 2 3 103
5 0.913594438110347 143212742 2 3 103
6 0 143212742 2 3 103
4 1.08131932663066 143212743 2 3 103
5 1.03691119344071 143212743 2 3 103
6 0 143212743 2 3 103
1 1.00085991492221 143212831 1 3 104
2 0.821614563509661 143212831 1 3 104
3 3.26855895196507 143212831 1 3 104
1 1.01519993574586 143212832 1 3 104
2 0.819028328409099 143212832 1 3 104
3 0 143212832 1 3 104
1 1.02292148542013 143212833 1 3 104
2 0.813532578820406 143212833 1 3 104
3 2.72379912663755 143212833 1 3 104
4 1.01804187746483 143212841 2 3 104
5 0.580705776450706 143212841 2 3 104
6 0 143212841 2 3 104
4 1.03715694023368 143212842 2 3 104
5 0.916035621629184 143212842 2 3 104
6 0 143212842 2 3 104
4 1.03023596923116 143212843 2 3 104
5 0.575749434154885 143212843 2 3 104
6 0 143212843 2 3 104
1 0.9685029448586 143212931 1 3 104
2 0.444509157909024 143212931 1 3 104
3 0.544759825327511 143212931 1 3 104
1 0.967767559175337 143212932 1 3 104
2 0.762454435584314 143212932 1 3 104
3 0.544759825327511 143212932 1 3 104
1 0.951956766985162 143212933 1 3 104
2 0.406847109257096 143212933 1 3 104
3 0 143212933 1 3 104
4 0.98343702245227 143212941 2 3 104
5 0.462345363416168 143212941 2 3 104
6 0.683333333333333 143212941 2 3 104
4 0.880940737605535 143212942 2 3 104
5 0.805072734409304 143212942 2 3 104
6 0.683333333333333 143212942 2 3 104
4 0.902362790708551 143212943 2 3 104
5 0.457389021120346 143212943 2 3 104
6 0 143212943 2 3 104
1 0.932469046378668 144213031 1 3 104
2 0.387935265084239 144213031 1 3 104
3 0 144213031 1 3 104
4 0.961026259206039 144213041 2 3 104
5 1.10718768867996 144213041 2 3 104
6 2.05 144213041 2 3 104
4 0.95575313844222 144213042 2 3 104
5 0.18249696184763 144213042 2 3 104
6 1.36666666666667 144213042 2 3 104
4 0.918841293095485 144213043 2 3 104
5 0.340286187474299 144213043 2 3 104
6 2.05 144213043 2 3 104
1 1.02512764246992 144213131 1 3 104
2 0.713962527448785 144213131 1 3 104
3 0 144213131 1 3 104
1 0.954898309718218 144213132 1 3 104
2 0.708466777860091 144213132 1 3 104
3 0.544759825327511 144213132 1 3 104
1 1.00196299344711 144213133 1 3 104
2 0.703132667965183 144213133 1 3 104
3 0.544759825327511 144213133 1 3 104
4 0.961026259206039 144213141 2 3 104
5 0.770600264112995 144213141 2 3 104
6 0 144213141 2 3 104
4 1.05297630252513 144213142 2 3 104
5 1.09239263705065 144213142 2 3 104
6 0 144213142 2 3 104
4 0.982118742261315 144213143 2 3 104
5 0.766901501205665 144213143 2 3 104
6 0 144213143 2 3 104
1 0.973282951799816 144213231 1 3 104
2 0.326027262364546 144213231 1 3 104
3 2.17903930131004 144213231 1 3 104
1 0.989829129673255 144213232 1 3 104
2 0.320531512775852 144213232 1 3 104
3 0 144213232 1 3 104
1 0.927689039437452 144213233 1 3 104
2 0.668056854413816 144213233 1 3 104
3 1.63427947598253 144213233 1 3 104
4 1.03946393056785 144213241 2 3 104
5 0.316836030641831 144213241 2 3 104
6 0 144213241 2 3 104
4 0.923455273763827 144213242 2 3 104
5 0.585662118746528 144213242 2 3 104
6 1.36666666666667 144213242 2 3 104
4 1.02496284846735 144213243 2 3 104
5 0.311953663604157 144213243 2 3 104
6 0 144213243 2 3 104
1 1.08101695439798 145213331 1 3 104
2 0.638476790451143 145213331 1 3 104
3 0 145213331 1 3 104
1 1.05564614832538 145213332 1 3 104
2 0.614230836383378 145213332 1 3 104
3 0 145213332 1 3 104
1 1.09241543248857 145213333 1 3 104
2 0.600814741799215 145213333 1 3 104
3 4.35807860262009 145213333 1 3 104
4 1.13668709465076 145213341 2 3 104
5 1.06154495440352 145213341 2 3 104
6 6.15 145213341 2 3 104
4 1.11856074202514 145213342 2 3 104
5 1.55962036750449 145213342 2 3 104
6 0 145213342 2 3 104
4 1.1165833217387 145213343 2 3 104
5 0.731097476262717 145213343 2 3 104
6 0 145213343 2 3 104
1 0.990564515356518 145213431 1 3 104
2 0.568486803042195 145213431 1 3 104
3 0 145213431 1 3 104
4 1.06451125419599 145213441 2 3 104
5 0.586845722876873 145213441 2 3 104
6 0 145213441 2 3 104
4 1.04506662137941 145213442 2 3 104
5 0.579448197062215 145213442 2 3 104
6 0 145213442 2 3 104
4 1.06154512376634 145213443 2 3 104
5 0.355081239103617 145213443 2 3 104
6 0 145213443 2 3 104
1 0.996815293664262 145213531 1 3 104
2 0.740794716617111 145213531 1 3 104
3 0 145213531 1 3 104
1 0.984313737048775 145213532 1 3 104
2 0.964504052815689 145213532 1 3 104
3 0 145213532 1 3 104
1 0.982475272840615 145213533 1 3 104
2 0.732712731927856 145213533 1 3 104
3 0 145213533 1 3 104
4 0.994642404075386 145213541 2 3 104
5 1.25883696788047 145213541 2 3 104
6 0 145213541 2 3 104
4 0.908295051567847 145213543 2 3 104
5 0.896358202962192 145213543 2 3 104
6 0 145213543 2 3 104
1 0.976224494532872 146213631 1 3 105
2 0.47958497146039 146213631 1 3 105
3 0 146213631 1 3 105
1 0.974386030324712 146213632 1 3 105
2 1.08832005825508 146213632 1 3 105
3 1.63427947598253 146213632 1 3 105
1 0.958942930976169 146213633 1 3 105
2 2.04474212638151 146213633 1 3 105
3 0 146213633 1 3 105
4 0.987391863025134 146213641 2 3 105
5 1.16636789519723 146213641 2 3 105
6 0.683333333333333 146213641 2 3 105
4 1.01079133641458 146213642 2 3 105
5 0.824824128334443 146213642 2 3 105
6 3.41666666666667 146213642 2 3 105
4 0.977175191545235 146213643 2 3 105
5 0.943184541368982 146213643 2 3 105
6 0 146213643 2 3 105
1 1.01115531448791 146213731 1 3 105
2 0.449843267803932 146213731 1 3 105
3 0 146213731 1 3 105
1 1.02623072099482 146213732 1 3 105
2 0.670804729208163 146213732 1 3 105
3 0.544759825327511 146213732 1 3 105
1 1.03395227066909 146213733 1 3 105
2 1.06148786908675 146213733 1 3 105
3 0 146213733 1 3 105
4 1.00782520598493 146213741 2 3 105
5 0.493193046063294 146213741 2 3 105
6 0 146213741 2 3 105
4 0.996619824361818 146213742 2 3 105
5 1.03195485114489 146213742 2 3 105
6 0 146213742 2 3 105
4 1.00947305622363 146213743 2 3 105
5 0.808771497316634 146213743 2 3 105
6 0 146213743 2 3 105
1 0.859665863735538 146213831 1 3 105
2 0.425597313736167 146213831 1 3 105
3 2.72379912663755 146213831 1 3 105
1 0.92548288238766 146213832 1 3 105
2 0.420263203841259 146213832 1 3 105
3 0 146213832 1 3 105
1 0.846796614278419 146213833 1 3 105
2 1.03174616543029 146213833 1 3 105
3 1.08951965065502 146213833 1 3 105
4 0.878963317319103 146213841 2 3 105
5 0.684271137855928 146213841 2 3 105
6 0 146213841 2 3 105
4 0.928728394527646 146213843 2 3 105
5 0.477140415045485 146213843 2 3 105
6 0 146213843 2 3 105
1 1.00085991492221 147213931 1 3 105
2 1.01299596095122 147213931 1 3 105
3 0.544759825327511 147213931 1 3 105
1 0.939455210369675 147213932 1 3 105
2 0.62506069586698 147213932 1 3 105
3 0 147213932 1 3 105
1 0.90673054746443 147213933 1 3 105
2 0.619564946278287 147213933 1 3 105
3 0.544759825327511 147213933 1 3 105
4 1.03979350061559 147213941 2 3 105
5 0.29345984906751 147213941 2 3 105
6 3.41666666666667 147213941 2 3 105
4 1.00980262627137 147213942 2 3 105
5 0.467301705711989 147213942 2 3 105
6 0 147213942 2 3 105
4 0.995301544170863 147213943 2 3 105
5 1.853080216572 147213943 2 3 105
6 0 147213943 2 3 105
1 0.962619859392489 147214031 1 3 105
2 0.950926318537741 147214031 1 3 105
3 0 147214031 1 3 105
1 0.967032173492072 147214032 1 3 105
2 0.948340083437179 147214032 1 3 105
3 0.544759825327511 147214032 1 3 105
1 0.914084404297069 147214033 1 3 105
2 0.945592208642832 147214033 1 3 105
3 0 147214033 1 3 105
4 0.985744012786441 147214041 2 3 105
5 0.544975726765905 147214041 2 3 105
6 0 147214041 2 3 105
4 1.00057466493468 147214042 2 3 105
5 0.642327166486813 147214042 2 3 105
6 0.683333333333333 147214042 2 3 105
4 0.959048838919607 147214043 2 3 105
5 0.437711602453354 147214043 2 3 105
6 0.683333333333333 147214043 2 3 105
1 1.0133614715377 147214131 1 3 105
2 0.921346254575067 147214131 1 3 105
3 0 147214131 1 3 105
1 1.02475994962829 147214132 1 3 105
2 0.517247020112319 147214132 1 3 105
3 0 147214132 1 3 105
1 0.919967489763181 147214133 1 3 105
2 0.51191291021741 147214133 1 3 105
3 0 147214133 1 3 105
4 1.01375746684423 147214141 2 3 105
5 0.531364279266933 147214141 2 3 105
6 0 147214141 2 3 105
4 0.981130032118099 147214142 2 3 105
5 0.526481912229258 147214142 2 3 105
6 0 147214142 2 3 105
1 1.0317461136193 148214231 1 3 105
2 0.889018315818047 148214231 1 3 105
3 0 148214231 1 3 105
1 0.97217987327492 148214232 1 3 105
2 0.886270441023701 148214232 1 3 105
3 0 148214232 1 3 105
1 1.00821377175485 148214233 1 3 105
2 0.880936331128793 148214233 1 3 105
3 0.544759825327511 148214233 1 3 105
4 1.02529241851508 148214241 2 3 105
5 0.51538562350727 148214241 2 3 105
6 0 148214241 2 3 105
4 1.03353166970855 148214242 2 3 105
5 0.514128044118778 148214242 2 3 105
6 0 148214242 2 3 105
4 1.01837144751257 148214243 2 3 105
5 0.612737063228178 148214243 2 3 105
6 0 148214243 2 3 105
1 1.00858146459648 148214331 1 3 105
2 0.864772361750282 148214331 1 3 105
3 0 148214331 1 3 105
1 1.02953995656951 148214332 1 3 105
2 0.859438251855374 148214332 1 3 105
3 0 148214332 1 3 105
1 1.03431996351072 148214333 1 3 105
2 0.853942502266681 148214333 1 3 105
3 3.26855895196507 148214333 1 3 105
4 1.03155424942212 148214341 2 3 105
5 0.60533953741352 148214341 2 3 105
6 0 148214341 2 3 105
4 1.05165802233418 148214342 2 3 105
5 0.399466393991569 148214342 2 3 105
6 0 148214342 2 3 105
4 1.05132845228644 148214343 2 3 105
5 0.7163024246334 148214343 2 3 105
6 0 148214343 2 3 105
1 1.0501307557009 148214431 1 3 106
2 0.635728915656796 148214431 1 3 106
3 0 148214431 1 3 106
1 1.04167382034336 148214432 1 3 106
2 0.633142680556235 148214432 1 3 106
3 0 148214432 1 3 106
1 1.06594154789107 148214433 1 3 106
2 0.414929093946351 148214433 1 3 106
3 0 148214433 1 3 106
4 1.01968972770353 148214441 2 3 106
5 0.752106449576348 148214441 2 3 106
6 0 148214441 2 3 106
4 1.04407791123619 148214442 2 3 106
5 0.749591290799364 148214442 2 3 106
6 0 148214442 2 3 106
4 1.02100800789448 148214443 2 3 106
5 0.849457889297256 148214443 2 3 106
6 0 148214443 2 3 106
1 1.01703839995402 149214531 1 3 106
2 0.603400976899777 149214531 1 3 106
3 4.9028384279476 149214531 1 3 106
1 0.994976829456102 149214532 1 3 106
2 0.746290466205805 149214532 1 3 106
3 3.81331877729258 149214532 1 3 106
1 0.989461436831622 149214533 1 3 106
2 0.956422068126434 149214533 1 3 106
3 0.544759825327511 149214533 1 3 106
4 1.00321122531659 149214541 2 3 106
5 0.835920417056431 149214541 2 3 106
6 4.78333333333333 149214541 2 3 106
4 0.988051003120612 149214542 2 3 106
5 0.621392168431329 149214542 2 3 106
6 3.41666666666667 149214542 2 3 106
4 0.97849347173619 149214543 2 3 106
5 0.617693405524 149214543 2 3 106
6 0 149214543 2 3 106
1 0.985416815573671 149214631 1 3 106
2 0.571073038142757 149214631 1 3 106
3 5.44759825327511 149214631 1 3 106
1 1.02549533531156 149214632 1 3 106
2 0.565738928247848 149214632 1 3 106
3 0 149214632 1 3 106
1 0.963722937917385 149214633 1 3 106
2 0.56040481835294 149214633 1 3 106
3 0.544759825327511 149214633 1 3 106
4 0.987391863025134 149214641 2 3 106
5 1.05784619149619 149214641 2 3 106
6 0 149214641 2 3 106
4 0.939604206103023 149214642 2 3 106
5 0.432755260157533 149214642 2 3 106
6 0 149214642 2 3 106
4 1.02957682913569 149214643 2 3 106
5 0.604155933283174 149214643 2 3 106
6 6.15 149214643 2 3 106
1 0.924012111021132 149214731 1 3 106
2 0.899848175301649 149214731 1 3 106
3 0.544759825327511 149214731 1 3 106
1 0.911510554405646 149214732 1 3 106
2 1.27161947100738 149214732 1 3 106
3 1.63427947598253 149214732 1 3 106
1 0.926953653754188 149214733 1 3 106
2 0.309863292986036 149214733 1 3 106
3 4.35807860262009 149214733 1 3 106
4 1.01309832674875 149214741 2 3 106
5 0.593059644561186 149214741 2 3 106
6 0 149214741 2 3 106
4 0.983766592500009 149214742 2 3 106
5 0.591802065172695 149214742 2 3 106
6 2.73333333333333 149214742 2 3 106
4 0.982118742261315 149214743 2 3 106
5 0.588103302265365 149214743 2 3 106
6 0.683333333333333 149214743 2 3 106
1 1.05491076264211 150214831 1 3 106
2 0.47958497146039 150214831 1 3 106
3 0 150214831 1 3 106
1 1.03248149930256 150214832 1 3 106
2 0.476837096666044 150214832 1 3 106
3 0.544759825327511 150214832 1 3 106
1 1.07072155483229 150214833 1 3 106
2 0.468755111976789 150214833 1 3 106
3 1.08951965065502 150214833 1 3 106
4 1.06484082424373 150214841 2 3 106
5 0.892659440054863 150214841 2 3 106
6 0 150214841 2 3 106
4 1.08791072758544 150214842 2 3 106
5 0.390811288788418 150214842 2 3 106
6 0 150214842 2 3 106
4 1.06945480491207 150214843 2 3 106
5 0.56221196191406 150214843 2 3 106
6 0 150214843 2 3 106
1 1.05454306980048 150214931 1 3 106
2 0.813532578820406 150214931 1 3 106
3 0 150214931 1 3 106
1 1.03358457782746 150214932 1 3 106
2 0.808198468925498 150214932 1 3 106
3 0 150214932 1 3 106
1 1.03615842771888 150214933 1 3 106
2 0.805450594131151 150214933 1 3 106
3 4.35807860262009 150214933 1 3 106
4 1.04605533152262 150214941 2 3 106
5 0.877864388425546 150214941 2 3 106
6 0 150214941 2 3 106
4 1.05363544262061 150214942 2 3 106
5 0.548674489673234 150214942 2 3 106
6 0.683333333333333 150214942 2 3 106
4 1.04770318176132 150214943 2 3 106
5 0.547416910284742 150214943 2 3 106
6 0 150214943 2 3 106
1 1.03211380646093 150215031 1 3 106
2 0.568486803042195 150215031 1 3 106
3 0 150215031 1 3 106
1 1.05233691275069 150215032 1 3 106
2 0.565738928247848 150215032 1 3 106
3 1.63427947598253 150215032 1 3 106
1 1.0214507140536 150215033 1 3 106
2 1.15297593576912 150215033 1 3 106
3 1.08951965065502 150215033 1 3 106
4 1.04177092090202 150215041 2 3 106
5 0.366177527825605 150215041 2 3 106
6 0 150215041 2 3 106
4 1.04111178080654 150215042 2 3 106
5 0.986312116868442 150215042 2 3 106
6 0 150215042 2 3 106
4 1.0509988822387 150215043 2 3 106
5 0.533879438043917 150215043 2 3 106
6 0 150215043 2 3 106
1 1.049027677176 151215131 1 3 106
2 0.387935265084239 151215131 1 3 106
3 0 151215131 1 3 106
1 1.01887686416218 151215132 1 3 106
2 0.533410989490828 151215132 1 3 106
3 0 151215132 1 3 106
1 1.04939537001763 151215133 1 3 106
2 0.743542591411458 151215133 1 3 106
3 0 151215133 1 3 106
4 1.02298542818091 151215141 2 3 106
5 0.525224332840766 151215141 2 3 106
6 0 151215141 2 3 106
4 1.05857899333669 151215142 2 3 106
5 0.633746036541809 151215142 2 3 106
6 0 151215142 2 3 106
4 1.02726983880152 151215143 2 3 106
5 0.520267990544945 151215143 2 3 106
6 0 151215143 2 3 106
1 0.989829129673255 151215231 1 3 107
2 0.457925252493187 151215231 1 3 107
3 0 151215231 1 3 107
1 0.964090630759017 151215232 1 3 107
2 0.950926318537741 151215232 1 3 107
3 0 151215232 1 3 107
1 1.00711069322996 151215233 1 3 107
2 0.57656878773145 151215233 1 3 107
3 0 151215233 1 3 107
4 1.02957682913569 151215241 2 3 107
5 0.885261914240204 151215241 2 3 107
6 0 151215241 2 3 107
4 0.993324123884431 151215242 2 3 107
5 0.612737063228178 151215242 2 3 107
6 0 151215242 2 3 107
4 0.996290254314079 151215243 2 3 107
5 0.777997789927653 151215243 2 3 107
6 0.683333333333333 151215243 2 3 107
1 1.05748461253354 151215331 1 3 107
2 0.708466777860091 151215331 1 3 107
3 4.9028384279476 151215331 1 3 107
1 1.08395849713104 151215332 1 3 107
2 0.417515329046912 151215332 1 3 107
3 2.72379912663755 151215332 1 3 107
1 1.06300000515802 151215333 1 3 107
2 0.546827084074992 151215333 1 3 107
3 0 151215333 1 3 107
4 1.02924725908795 151215341 2 3 107
5 0.597942011598861 151215341 2 3 107
6 0 151215341 2 3 107
4 1.0364978001382 151215342 2 3 107
5 0.595500828080024 151215342 2 3 107
6 0.683333333333333 151215342 2 3 107
4 1.05132845228644 151215343 2 3 107
5 1.09239263705065 151215343 2 3 107
6 0.683333333333333 151215343 2 3 107
1 1.0518221427724 1521331 1 1 49
2 1.55174106033696 1521331 1 1 49
3 2.72379912663755 1521331 1 1 49
1 0.991079285334803 1521332 1 1 49
2 0.792034499546988 1521332 1 1 49
3 0 1521332 1 1 49
1 1.07344248186036 1521333 1 1 49
2 0.57656878773145 1521333 1 1 49
3 0 1521333 1 1 49
4 0.921016455410561 1521341 2 1 49
5 0.833479233537594 1521341 2 1 49
6 3.41666666666667 1521341 2 1 49
4 0.989171541282923 1521342 2 1 49
5 0.833479233537594 1521342 2 1 49
6 0 1521342 2 1 49
1 1.00799315604987 1521431 1 1 49
2 0.554909068764247 1521431 1 1 49
3 0 1521431 1 1 49
1 0.981004501474087 1521432 1 1 49
2 1.26887159621303 1521432 1 1 49
3 3.26855895196507 1521432 1 1 49
1 1.04888060003935 1521433 1 1 49
2 1.26887159621303 1521433 1 1 49
3 3.26855895196507 1521433 1 1 49
4 0.910074729825636 1521441 2 1 49
5 0.704022531781067 1521441 2 1 49
6 4.1 1521441 2 1 49
1 0.967252789197052 1521531 1 1 50
2 1.19888160880408 1521531 1 1 50
3 1.63427947598253 1521531 1 1 50
1 0.919746874058202 1521532 1 1 50
2 1.73487883339547 1521532 1 1 50
3 0 1521532 1 1 50
4 0.990489821473878 1521542 2 1 50
5 1.02699850884906 1521542 2 1 50
6 0 1521542 2 1 50
4 0.973549921020109 1521543 2 1 50
5 0.798932787983138 1521543 2 1 50
6 0 1521543 2 1 50
1 1.04020304897683 152215431 1 3 107
2 0.525329004801574 152215431 1 3 107
3 2.17903930131004 152215431 1 3 107
1 0.937616746161515 152215432 1 3 107
2 0.676138839103071 152215432 1 3 107
3 0.544759825327511 152215432 1 3 107
1 0.987990665465095 152215433 1 3 107
2 0.385187390289892 152215433 1 3 107
3 1.63427947598253 152215433 1 3 107
4 1.03880479047237 152215441 2 3 107
5 0.318093610030323 152215441 2 3 107
6 1.36666666666667 152215441 2 3 107
4 1.05759028319348 152215442 2 3 107
5 0.752106449576348 152215442 2 3 107
6 0 152215442 2 3 107
4 1.0305655392789 152215443 2 3 107
5 0.749591290799364 152215443 2 3 107
6 0 152215443 2 3 107
1 0.969238330541864 152215531 1 3 107
2 0.654640759829653 152215531 1 3 107
3 0.544759825327511 152215531 1 3 107
1 1.00159530060548 152215532 1 3 107
2 0.363689311016474 152215532 1 3 107
3 0 152215532 1 3 107
1 0.935042896270092 152215533 1 3 107
2 0.360941436222127 152215533 1 3 107
3 3.81331877729258 152215533 1 3 107
4 1.02265585813318 152215542 2 3 107
5 0.74101016085436 152215542 2 3 107
6 0.683333333333333 152215542 2 3 107
4 0.998267674600511 152215543 2 3 107
5 1.06768490082969 152215543 2 3 107
6 2.73333333333333 152215543 2 3 107
1 0.97953373010756 152215631 1 3 107
2 0.843274282476864 152215631 1 3 107
3 0 152215631 1 3 107
1 0.926218268070924 152215632 1 3 107
2 0.837778532888171 152215632 1 3 107
3 0 152215632 1 3 107
1 0.900479769156686 152215633 1 3 107
2 0.832444422993263 152215633 1 3 107
3 0 152215633 1 3 107
4 0.895441819706038 152215641 2 3 107
5 0.83096407476061 152215641 2 3 107
6 0 152215641 2 3 107
4 1.00881391612815 152215642 2 3 107
5 0.55851319900673 152215642 2 3 107
6 3.41666666666667 152215642 2 3 107
4 0.999256384743727 152215643 2 3 107
5 0.457389021120346 152215643 2 3 107
6 0 152215643 2 3 107
1 1.00196299344711 153215731 1 3 107
2 0.808198468925498 153215731 1 3 107
3 0 153215731 1 3 107
1 0.940190596052939 153215732 1 3 107
2 0.301781308296781 153215732 1 3 107
3 0 153215732 1 3 107
1 0.900847461998319 153215733 1 3 107
2 0.299033433502434 153215733 1 3 107
3 0 153215733 1 3 107
4 0.929717104670863 153215741 2 3 107
5 1.49799897746838 153215741 2 3 107
6 0 153215741 2 3 107
4 0.979482181879406 153215742 2 3 107
5 0.713861241114563 153215742 2 3 107
6 0 153215742 2 3 107
4 1.01738273736936 153215743 2 3 107
5 0.372317474251771 153215743 2 3 107
6 0 153215743 2 3 107
1 0.993138365247942 153215831 1 3 107
2 0.409433344357657 153215831 1 3 107
3 0.544759825327511 153215831 1 3 107
1 0.988726051148359 153215832 1 3 107
2 0.557656943558593 153215832 1 3 107
3 4.9028384279476 153215832 1 3 107
1 1.01078762164628 153215833 1 3 107
2 0.77053642027357 153215833 1 3 107
3 5.44759825327511 153215833 1 3 107
4 0.98607358283418 153215841 2 3 107
5 0.432755260157533 153215841 2 3 107
6 2.05 153215841 2 3 107
4 0.993983263979908 153215842 2 3 107
5 1.02825608823756 153215842 2 3 107
6 0 153215842 2 3 107
4 0.974538631163325 153215843 2 3 107
5 0.696625005966408 153215843 2 3 107
6 0 153215843 2 3 107
1 0.961516780867593 153215931 1 3 107
2 1.11256601232284 153215931 1 3 107
3 1.63427947598253 153215931 1 3 107
1 0.90305361904811 153215932 1 3 107
2 0.894352425712956 153215932 1 3 107
3 0 153215932 1 3 107
1 0.960781395184329 153215933 1 3 107
2 1.10448402763359 153215933 1 3 107
3 0 153215933 1 3 107
4 0.95311657806031 153215941 2 3 107
5 0.516569227637616 153215941 2 3 107
6 0 153215941 2 3 107
4 1.03847522042463 153215943 2 3 107
5 1.23412923165951 153215943 2 3 107
6 0 153215943 2 3 107
1 1.01519993574586 154216031 1 3 108
2 0.975172272605506 154216031 1 3 108
3 0 154216031 1 3 108
1 1.04461536307642 154216032 1 3 108
2 1.18805174932048 154216032 1 3 108
3 1.08951965065502 154216032 1 3 108
1 1.05343999127558 154216033 1 3 108
2 0.460673127287534 154216033 1 3 108
3 5.44759825327511 154216033 1 3 108
4 1.02232628808544 154216041 2 3 108
5 0.623833351950167 154216041 2 3 108
6 0 154216041 2 3 108
4 1.03682737018594 154216042 2 3 108
5 0.620134589042837 154216042 2 3 108
6 4.78333333333333 154216042 2 3 108
4 1.03715694023368 154216043 2 3 108
5 0.618950984912492 154216043 2 3 108
6 0 154216043 2 3 108
1 1.04424767023479 154216131 1 3 108
2 0.441761283114677 154216131 1 3 108
3 1.63427947598253 154216131 1 3 108
1 1.04755690580947 154216132 1 3 108
2 0.659974869724561 154216132 1 3 108
3 0 154216132 1 3 108
1 0.946809067202315 154216133 1 3 108
2 0.940258098747924 154216133 1 3 108
3 0 154216133 1 3 108
4 1.03517951994725 154216141 2 3 108
5 0.710162478207233 154216141 2 3 108
6 0 154216141 2 3 108
4 0.995631114218602 154216142 2 3 108
5 1.08987747827366 154216142 2 3 108
6 0 154216142 2 3 108
4 0.978823041783928 154216143 2 3 108
5 0.305739741919843 154216143 2 3 108
6 0 154216143 2 3 108
1 1.06189692663312 154216231 1 3 108
2 0.406847109257096 154216231 1 3 108
3 4.9028384279476 154216231 1 3 108
1 1.05049844854253 154216232 1 3 108
2 0.401351359668402 154216232 1 3 108
3 4.9028384279476 154216232 1 3 108
1 1.01703839995402 154216233 1 3 108
2 0.398765124567841 154216233 1 3 108
3 3.26855895196507 154216233 1 3 108
4 1.05165802233418 154216241 2 3 108
5 0.863069336796228 154216241 2 3 108
6 0 154216241 2 3 108
4 1.06187469381408 154216242 2 3 108
5 0.692926243059079 154216242 2 3 108
6 0 154216242 2 3 108
4 1.04539619142715 154216243 2 3 108
5 0.352640055584779 154216243 2 3 108
6 0 154216243 2 3 108
1 0.888713598224464 155216331 1 3 108
2 0.379853280394984 155216331 1 3 108
3 0 155216331 1 3 108
1 0.962252166550857 155216332 1 3 108
2 0.374519170500076 155216332 1 3 108
3 0.544759825327511 155216332 1 3 108
1 1.02218609973687 155216333 1 3 108
2 0.878188456334446 155216333 1 3 108
3 0 155216333 1 3 108
4 1.02990639918343 155216341 2 3 108
5 0.511686860599941 155216341 2 3 108
6 0 155216341 2 3 108
4 1.01408703689197 155216342 2 3 108
5 0.679314795560107 155216342 2 3 108
6 0 155216342 2 3 108
4 1.00848434608041 155216343 2 3 108
5 0.678131191429761 155216343 2 3 108
6 0 155216343 2 3 108
1 0.981372194315719 155216431 1 3 108
2 0.350273216432311 155216431 1 3 108
3 0 155216431 1 3 108
1 0.980269115790823 155216432 1 3 108
2 0.853942502266681 155216432 1 3 108
3 1.63427947598253 155216432 1 3 108
1 0.982107579998983 155216433 1 3 108
2 0.697798558070275 155216433 1 3 108
3 0 155216433 1 3 108
4 0.953775718155787 155216441 2 3 108
5 1.05170624507002 155216441 2 3 108
6 0 155216441 2 3 108
4 0.988051003120612 155216442 2 3 108
5 0.398208814603077 155216442 2 3 108
6 1.36666666666667 155216442 2 3 108
4 0.959707979015084 155216443 2 3 108
5 0.395767631084239 155216443 2 3 108
6 0.683333333333333 155216443 2 3 108
1 0.969606023383496 155216531 1 3 108
2 0.538745099385737 155216531 1 3 108
3 5.44759825327511 155216531 1 3 108
1 1.00563992186343 155216532 1 3 108
2 0.670804729208163 155216532 1 3 108
3 2.72379912663755 155216532 1 3 108
1 1.00563992186343 155216533 1 3 108
2 1.18805174932048 155216533 1 3 108
3 0 155216533 1 3 108
4 0.931694524957295 155216541 2 3 108
5 0.484537940860144 155216541 2 3 108
6 0.683333333333333 155216541 2 3 108
4 0.982777882356793 155216542 2 3 108
5 0.650982271689964 155216542 2 3 108
6 2.05 155216542 2 3 108
4 0.928398824479908 155216543 2 3 108
5 0.37971500006643 155216543 2 3 108
6 0 155216543 2 3 108
1 0.976592187374504 156216631 1 4 122
2 1.03449404022464 156216631 1 4 122
3 0 156216631 1 4 122
1 1.06704462641597 156216632 1 4 122
2 1.04257602491389 156216632 1 4 122
3 0 156216632 1 4 122
1 1.04865998433437 156216633 1 4 122
2 1.03724191501898 156216633 1 4 122
3 0 156216633 1 4 122
4 1.00057466493468 156216641 2 4 122
5 0.363736344306767 156216641 2 4 122
6 0 156216641 2 4 122
4 1.02430370837187 156216642 2 4 122
5 1.15031526417942 156216642 2 4 122
6 0 156216642 2 4 122
4 1.05989727352765 156216643 2 4 122
5 1.14787408066059 156216643 2 4 122
6 0 156216643 2 4 122
1 0.983946044207143 156216731 1 4 122
2 1.40626533593037 156216731 1 4 122
3 1.08951965065502 156216731 1 4 122
1 1.01924455700381 156216732 1 4 122
2 1.40093122603546 156216732 1 4 122
3 0 156216732 1 4 122
1 1.01850917132055 156216733 1 4 122
2 0.897100300507302 156216733 1 4 122
3 0.544759825327511 156216733 1 4 122
4 0.996619824361818 156216741 2 4 122
5 0.699066189485245 156216741 2 4 122
6 0 156216741 2 4 122
4 0.992005843693476 156216742 2 4 122
5 0.588103302265365 156216742 2 4 122
6 0.683333333333333 156216742 2 4 122
4 0.996619824361818 156216743 2 4 122
5 0.691668663670587 156216743 2 4 122
6 0 156216743 2 4 122
1 0.993506058089574 156216831 1 4 122
2 0.878188456334446 156216831 1 4 122
3 0 156216831 1 4 122
1 0.978798344424295 156216832 1 4 122
2 0.870106471645191 156216832 1 4 122
3 0 156216832 1 4 122
1 1.03542304203562 156216833 1 4 122
2 1.13681196639061 156216833 1 4 122
3 0 156216833 1 4 122
4 1.01112090646232 156216841 2 4 122
5 0.531364279266933 156216841 2 4 122
6 0 156216841 2 4 122
4 0.99859724464825 156216842 2 4 122
5 0.849457889297256 156216842 2 4 122
6 0 156216842 2 4 122
4 1.01705316732162 156216843 2 4 122
5 1.21075305008519 156216843 2 4 122
6 0 156216843 2 4 122
1 0.99277067240631 157216931 1 4 122
2 1.11256601232284 157216931 1 4 122
3 0 157216931 1 4 122
1 1.00747838607159 157216932 1 4 122
2 1.10723190242793 157216932 1 4 122
3 0.544759825327511 157216932 1 4 122
1 1.0133614715377 157216933 1 4 122
2 0.565738928247848 157216933 1 4 122
3 2.72379912663755 157216933 1 4 122
4 0.984096162547748 157216941 2 4 122
5 0.622649747819821 157216941 2 4 122
6 0 157216941 2 4 122
4 1.03089510932664 157216942 2 4 122
5 0.946883304276311 157216942 2 4 122
6 0 157216942 2 4 122
4 1.04012307066333 157216943 2 4 122
5 0.832221654149102 157216943 2 4 122
6 0 157216943 2 4 122
1 1.06042615526659 157217031 1 4 122
2 1.37393739717335 157217031 1 4 122
3 0.544759825327511 157217031 1 4 122
1 1.05086614138416 157217032 1 4 122
2 0.910516395091466 157217032 1 4 122
3 2.72379912663755 157217032 1 4 122
1 1.07219232619882 157217033 1 4 122
2 0.907930159990904 157217033 1 4 122
3 0 157217033 1 4 122
4 1.06648867448242 157217042 2 4 122
5 0.501774176008298 157217042 2 4 122
6 0 157217042 2 4 122
4 1.02891768904021 157217043 2 4 122
5 1.04305113986687 157217043 2 4 122
6 0 157217043 2 4 122
1 1.04792459865111 157217131 1 4 122
2 0.905182285196557 157217131 1 4 122
3 1.63427947598253 157217131 1 4 122
1 1.01041992880464 157217132 1 4 122
2 1.58681687388832 157217132 1 4 122
3 1.08951965065502 157217132 1 4 122
1 0.997918372189158 157217133 1 4 122
2 1.11256601232284 157217133 1 4 122
3 0.544759825327511 157217133 1 4 122
4 0.974209061115587 157217141 2 4 122
5 0.733612635039701 157217141 2 4 122
6 0.683333333333333 157217141 2 4 122
4 1.02694026875378 157217142 2 4 122
5 0.335329845178478 157217142 2 4 122
6 0.683333333333333 157217142 2 4 122
4 0.990687563502521 157217143 2 4 122
5 0.840876759352252 157217143 2 4 122
6 1.36666666666667 157217143 2 4 122
1 1.02733379951972 158217231 1 4 122
2 0.598066867004868 158217231 1 4 122
3 0.544759825327511 158217231 1 4 122
1 1.00233068628874 158217232 1 4 122
2 1.09381580784377 158217232 1 4 122
3 0 158217232 1 4 122
1 0.976592187374504 158217233 1 4 122
2 1.08832005825508 158217233 1 4 122
3 0.544759825327511 158217233 1 4 122
4 1.05198759238192 158217242 2 4 122
5 0.721258766929221 158217242 2 4 122
6 0 158217242 2 4 122
4 1.01507574703518 158217243 2 4 122
5 1.29330943817678 158217243 2 4 122
6 0.683333333333333 158217243 2 4 122
1 0.999389143555686 158217331 1 4 123
2 1.06407410418731 158217331 1 4 123
3 0 158217331 1 4 123
1 0.995712215139366 158217332 1 4 123
2 1.0587399942924 158217332 1 4 123
3 0 158217332 1 4 123
1 1.01997994268708 158217333 1 4 123
2 0.837778532888171 158217333 1 4 123
3 0 158217333 1 4 123
4 1.03353166970855 158217341 2 4 123
5 0.824824128334443 158217341 2 4 123
6 0 158217341 2 4 123
4 1.03353166970855 158217342 2 4 123
5 1.06894248021818 158217342 2 4 123
6 0 158217342 2 4 123
4 0.996619824361818 158217343 2 4 123
5 1.06768490082969 158217343 2 4 123
6 0 158217343 2 4 123
1 1.00306607197201 158217431 1 4 123
2 1.03449404022464 158217431 1 4 123
3 0 158217431 1 4 123
1 1.04130612750173 158217432 1 4 123
2 1.03174616543029 158217432 1 4 123
3 0 158217432 1 4 123
1 1.03321688498583 158217433 1 4 123
2 0.54424084897443 158217433 1 4 123
3 0 158217433 1 4 123
4 1.0322133895176 158217441 2 4 123
5 0.918550780406168 158217441 2 4 123
6 0 158217441 2 4 123
4 1.02562198856282 158217442 2 4 123
5 0.478397994433977 158217442 2 4 123
6 0 158217442 2 4 123
4 0.999256384743727 158217443 2 4 123
5 1.05540500797735 158217443 2 4 123
6 0.683333333333333 158217443 2 4 123
1 0.992035286723046 159217531 1 4 123
2 1.02107794564047 159217531 1 4 123
3 0 159217531 1 4 123
1 1.03762919908541 159217532 1 4 123
2 1.70804664422715 159217532 1 4 123
3 1.08951965065502 159217532 1 4 123
1 1.00600761470506 159217533 1 4 123
2 1.47366908823875 159217533 1 4 123
3 0 159217533 1 4 123
4 0.953775718155787 159217541 2 4 123
5 1.25632180910348 159217541 2 4 123
6 0 159217541 2 4 123
4 0.975527341306541 159217543 2 4 123
5 1.13552021255011 159217543 2 4 123
6 0 159217543 2 4 123
1 0.94791214572721 159217631 1 4 123
2 0.514499145317972 159217631 1 4 123
3 0 159217631 1 4 123
1 1.03542304203562 159217632 1 4 123
2 1.4547572440659 159217632 1 4 123
3 0.544759825327511 159217632 1 4 123
1 1.01262608585444 159217633 1 4 123
2 1.20696359349334 159217633 1 4 123
3 1.08951965065502 159217633 1 4 123
4 0.954434858251265 159217642 2 4 123
5 0.671917269745448 159217642 2 4 123
6 2.73333333333333 159217642 2 4 123
1 0.972915258958184 159217731 1 4 123
2 0.945592208642832 159217731 1 4 123
3 0 159217731 1 4 123
1 0.981739887157351 159217732 1 4 123
2 0.711214652654438 159217732 1 4 123
3 0 159217732 1 4 123
1 0.986152201256935 159217733 1 4 123
2 0.708466777860091 159217733 1 4 123
3 0 159217733 1 4 123
4 1.03419080980403 159217741 2 4 123
5 1.11702639801346 159217741 2 4 123
6 3.41666666666667 159217741 2 4 123
4 0.992005843693476 159217742 2 4 123
5 0.763202738298336 159217742 2 4 123
6 1.36666666666667 159217742 2 4 123
4 0.951798297869355 159217743 2 4 123
5 0.655938613985785 159217743 2 4 123
6 0.683333333333333 159217743 2 4 123
1 0.999389143555686 160217831 1 4 123
2 0.686968698586673 160217831 1 4 123
3 0 160217831 1 4 123
1 0.972915258958184 160217832 1 4 123
2 1.15038970066855 160217832 1 4 123
3 0 160217832 1 4 123
1 0.993506058089574 160217833 1 4 123
2 1.92626023083703 160217833 1 4 123
3 0 160217833 1 4 123
4 0.990687563502521 160217841 2 4 123
5 0.8951006235737 160217841 2 4 123
6 0 160217841 2 4 123
4 0.997278964457295 160217842 2 4 123
5 0.892659440054863 160217842 2 4 123
6 0 160217842 2 4 123
4 0.906976771376892 160217843 2 4 123
5 0.532621858655425 160217843 2 4 123
6 0.683333333333333 160217843 2 4 123
1 0.986887586940199 160217931 1 4 123
2 1.12614374660079 160217931 1 4 123
3 0 160217931 1 4 123
1 1.02512764246992 160217932 1 4 123
2 1.1206479970121 160217932 1 4 123
3 0 160217932 1 4 123
1 0.994241443772838 160217933 1 4 123
2 1.11531388711719 160217933 1 4 123
3 0 160217933 1 4 123
4 1.0407822107588 160217941 2 4 123
5 1.08869387414332 160217941 2 4 123
6 1.36666666666667 160217941 2 4 123
4 1.05660157305026 160217942 2 4 123
5 1.22184933880717 160217942 2 4 123
6 0 160217942 2 4 123
4 1.04539619142715 160217943 2 4 123
5 1.21933418003019 160217943 2 4 123
6 0 160217943 2 4 123
1 0.998653757872422 160218031 1 4 123
2 1.09914991773868 160218031 1 4 123
3 0 160218031 1 4 123
1 1.00674300038832 160218032 1 4 123
2 1.09381580784377 160218032 1 4 123
3 0 160218032 1 4 123
1 1.02953995656951 160218033 1 4 123
2 1.08832005825508 160218033 1 4 123
3 0 160218033 1 4 123
4 1.05066931219096 160218041 2 4 123
5 1.21075305008519 160218041 2 4 123
6 0 160218041 2 4 123
4 1.01837144751257 160218042 2 4 123
5 1.29456701756527 160218042 2 4 123
6 0 160218042 2 4 123
1 0.945705988677419 161218131 1 4 124
2 1.25804173672943 161218131 1 4 124
3 0 161218131 1 4 124
1 1.02953995656951 161218132 1 4 124
2 1.02366418074104 161218132 1 4 124
3 0 161218132 1 4 124
1 0.981004501474087 161218133 1 4 124
2 1.24995975204017 161218133 1 4 124
3 0 161218133 1 4 124
4 1.03287252961307 161218141 2 4 124
5 0.687969900763257 161218141 2 4 124
6 0 161218141 2 4 124
4 1.01705316732162 161218142 2 4 124
5 0.580705776450706 161218142 2 4 124
6 0 161218142 2 4 124
4 1.00848434608041 161218143 2 4 124
5 0.683013558467436 161218143 2 4 124
6 0 161218143 2 4 124
1 1.0133614715377 161218231 1 4 124
2 0.964504052815689 161218231 1 4 124
3 0 161218231 1 4 124
1 1.05601384116701 161218232 1 4 124
2 0.703132667965183 161218232 1 4 124
3 0 161218232 1 4 124
1 0.989829129673255 161218233 1 4 124
2 1.18271763942557 161218233 1 4 124
3 0 161218233 1 4 124
4 1.02166714798996 161218241 2 4 124
5 0.80019036737163 161218241 2 4 124
6 0 161218241 2 4 124
4 1.0671478145779 161218242 2 4 124
5 1.00732109018207 161218242 2 4 124
6 0.683333333333333 161218242 2 4 124
4 1.02364456827639 161218243 2 4 124
5 0.793976445687316 161218243 2 4 124
6 0.683333333333333 161218243 2 4 124
1 1.08175234008125 161218332 1 4 124
2 0.934762349159231 161218332 1 4 124
3 3.26855895196507 161218332 1 4 124
1 1.00894915743812 161218333 1 4 124
2 1.15847168535781 161218333 1 4 124
3 0 161218333 1 4 124
4 1.09746825896986 161218342 2 4 124
5 1.22059175941868 161218342 2 4 124
6 0 161218342 2 4 124
4 1.03089510932664 161218343 2 4 124
5 0.990010879775771 161218343 2 4 124
6 0 161218343 2 4 124
1 0.987108202645178 1621631 1 1 50
2 1.91009626145852 1621631 1 1 50
3 1.08951965065502 1621631 1 1 50
1 1.01358208724268 1621632 1 1 50
2 0.635728915656796 1621632 1 1 50
3 0 1621632 1 1 50
1 0.957692775314621 1621633 1 1 50
2 1.68380069015938 1621633 1 1 50
3 0 1621633 1 1 50
4 1.01791004944574 1621643 2 1 50
5 1.23043046875218 1621643 2 1 50
6 0 1621643 2 1 50
1 1.00799315604987 1621731 1 1 50
2 1.1314778564957 1621731 1 1 50
3 0 1621731 1 1 50
1 1.03667319769717 1621733 1 1 50
2 1.3820193818626 1621733 1 1 50
3 0 1621733 1 1 50
4 1.0117800465578 1621741 2 1 50
5 1.45117263906159 1621741 2 1 50
6 0 1621741 2 1 50
1 0.884889592671491 1621831 1 1 50
2 1.64597700181367 1621831 1 1 50
3 0 1621831 1 1 50
1 0.942764445944363 1621833 1 1 50
2 1.64339076671311 1621833 1 1 50
3 0 1621833 1 1 50
4 1.00762746395629 1621842 2 1 50
5 0.860554178019244 1621842 2 1 50
6 0.683333333333333 1621842 2 1 50
4 0.9869304649583 1621843 2 1 50
5 1.44251753385844 1621843 2 1 50
6 0 1621843 2 1 50
1 0.997182986505894 162218431 1 4 124
2 1.67830494057069 162218431 1 4 124
3 0 162218431 1 4 124
1 0.989829129673255 162218432 1 4 124
2 1.1314778564957 162218432 1 4 124
3 0 162218432 1 4 124
1 1.01041992880464 162218433 1 4 124
2 1.12872998170135 162218433 1 4 124
3 0.544759825327511 162218433 1 4 124
4 1.00782520598493 162218441 2 4 124
5 0.983870933349605 162218441 2 4 124
6 0 162218441 2 4 124
4 1.06846609476885 162218442 2 4 124
5 1.32045835791657 162218442 2 4 124
6 0 162218442 2 4 124
4 1.03550908999498 162218443 2 4 124
5 1.43512000804378 162218443 2 4 124
6 0 162218443 2 4 124
1 0.981739887157351 162218531 1 4 124
2 1.33886158362198 162218531 1 4 124
3 0 162218531 1 4 124
1 0.967032173492072 162218532 1 4 124
2 0.875602221233884 162218532 1 4 124
3 2.17903930131004 162218532 1 4 124
1 0.982475272840615 162218533 1 4 124
2 0.616978711177725 162218533 1 4 124
3 0 162218533 1 4 124
4 1.03814565037689 162218541 2 4 124
5 0.520267990544945 162218541 2 4 124
6 0 162218541 2 4 124
4 0.949820877582923 162218542 2 4 124
5 0.517826807026108 162218542 2 4 124
6 0 162218542 2 4 124
4 0.972231640829154 162218543 2 4 124
5 0.848274285166911 162218543 2 4 124
6 0 162218543 2 4 124
1 0.983210658523879 162218631 1 4 124
2 0.562991053453502 162218631 1 4 124
3 0.544759825327511 162218631 1 4 124
1 0.978798344424295 162218632 1 4 124
2 0.813532578820406 162218632 1 4 124
3 0.544759825327511 162218632 1 4 124
1 0.992035286723046 162218633 1 4 124
2 0.802864359030589 162218633 1 4 124
3 0 162218633 1 4 124
4 1.03748651028142 162218642 2 4 124
5 1.17494902514224 162218642 2 4 124
6 0 162218642 2 4 124
4 1.0467144716181 162218643 2 4 124
5 0.591802065172695 162218643 2 4 124
6 1.36666666666667 162218643 2 4 124
1 1.03248149930256 163218831 1 4 124
2 1.01558219605178 163218831 1 4 124
3 0 163218831 1 4 124
1 1.01850917132055 163218832 1 4 124
2 0.444509157909024 163218832 1 4 124
3 0 163218832 1 4 124
1 0.986152201256935 163218833 1 4 124
2 0.932176114058669 163218833 1 4 124
3 0 163218833 1 4 124
4 1.00189294512564 163218841 2 4 124
5 0.806330313797796 163218841 2 4 124
6 0 163218841 2 4 124
4 0.992664983788954 163218842 2 4 124
5 0.568351908340226 163218842 2 4 124
6 0 163218842 2 4 124
4 0.93795635586433 163218843 2 4 124
5 0.707721294688396 163218843 2 4 124
6 2.05 163218843 2 4 124
1 1.02659841383645 163218931 1 4 124
2 0.905182285196557 163218931 1 4 124
3 1.63427947598253 163218931 1 4 124
1 1.00968454312138 163218932 1 4 124
2 0.398765124567841 163218932 1 4 124
3 0 163218932 1 4 124
1 1.0133614715377 163218933 1 4 124
2 0.651892885035307 163218933 1 4 124
3 0 163218933 1 4 124
4 1.02166714798996 163218941 2 4 124
5 1.10223134638414 163218941 2 4 124
6 5.46666666666667 163218941 2 4 124
4 1.00518864560302 163218942 2 4 124
5 1.00732109018207 163218942 2 4 124
6 1.36666666666667 163218942 2 4 124
4 1.03484994989951 163218943 2 4 124
5 0.306997321308335 163218943 2 4 124
6 0 163218943 2 4 124
1 1.07094217053727 1721931 1 1 50
2 1.61914481264534 1721931 1 1 50
3 0.544759825327511 1721931 1 1 50
1 1.03667319769717 1721932 1 1 50
2 1.61914481264534 1721932 1 1 50
3 0 1721932 1 1 50
1 0.963870015054038 1721933 1 1 50
2 1.616396937851 1721933 1 1 50
3 2.72379912663755 1721933 1 1 50
4 1.02911543106885 1721941 2 1 50
5 0.848274285166911 1721941 2 1 50
6 0.683333333333333 1721941 2 1 50
1 1.01240547014946 1722031 1 1 50
2 1.31202939445365 1722031 1 1 50
3 1.08951965065502 1722031 1 1 50
1 1.00255130199372 1722032 1 1 50
2 1.0587399942924 1722032 1 1 50
3 0.544759825327511 1722032 1 1 50
4 0.951600555840712 1722041 2 1 50
5 0.49067788728631 1722041 2 1 50
6 0.683333333333333 1722041 2 1 50
4 0.92015957328644 1722043 2 1 50
5 1.19100165616005 1722043 2 1 50
6 0.683333333333333 1722043 2 1 50
1 0.921438261129709 1722131 1 1 50
2 0.52807687959592 1722131 1 1 50
3 0.544759825327511 1722131 1 1 50
1 1.03667319769717 1722132 1 1 50
2 1.79694847580895 1722132 1 1 50
3 0 1722132 1 1 50
1 0.95504538685487 1722133 1 1 50
2 1.7942006010146 1722133 1 1 50
3 1.63427947598253 1722133 1 1 50
4 0.985216700710059 1722141 2 1 50
5 1.40922866769248 1722141 2 1 50
6 0 1722141 2 1 50
4 1.02212854605679 1722142 2 1 50
5 1.28347072884328 1722142 2 1 50
6 0 1722142 2 1 50
4 0.892673431305033 1722143 2 1 50
5 1.63241202152073 1722143 2 1 50
6 0 1722143 2 1 50
1 1.00431622763355 1822231 1 1 50
2 1.01833007084613 1822231 1 1 50
3 1.63427947598253 1822231 1 1 50
1 0.983431274228858 1822232 1 1 50
2 1.01833007084613 1822232 1 1 50
3 2.17903930131004 1822232 1 1 50
1 0.961663858004246 1822233 1 1 50
2 1.01558219605178 1822233 1 1 50
3 0.544759825327511 1822233 1 1 50
4 0.997081222428652 1822241 2 1 50
5 1.1725078416234 1822241 2 1 50
6 0 1822241 2 1 50
4 0.997278964457295 1822242 2 1 50
5 0.469742889230826 1822242 2 1 50
6 0 1822242 2 1 50
4 1.00387036541207 1822243 2 1 50
5 0.816169023131292 1822243 2 1 50
6 0.683333333333333 1822243 2 1 50
1 1.07050093912731 1822331 1 1 51
2 0.991336241984015 1822331 1 1 51
3 1.08951965065502 1822331 1 1 51
1 1.03836458476867 1822332 1 1 51
2 0.986002132089107 1822332 1 1 51
3 2.17903930131004 1822332 1 1 51
1 1.06608862502772 1822333 1 1 51
2 0.980668022194199 1822333 1 1 51
3 1.08951965065502 1822333 1 1 51
4 1.09727051694122 1822341 2 1 51
5 0.928389489739665 1822341 2 1 51
6 0.683333333333333 1822341 2 1 51
4 1.0772326580387 1822342 2 1 51
5 0.7964916044643 1822342 2 1 51
6 1.36666666666667 1822342 2 1 51
4 1.08408771503167 1822343 2 1 51
5 0.691668663670587 1822343 2 1 51
6 2.05 1822343 2 1 51
1 0.94791214572721 1822431 1 1 51
2 0.964504052815689 1822431 1 1 51
3 0 1822431 1 1 51
1 1.00211007058376 1822432 1 1 51
2 0.959008303226996 1822432 1 1 51
3 0.544759825327511 1822432 1 1 51
1 0.946441374360682 1822433 1 1 51
2 0.953674193332087 1822433 1 1 51
3 0 1822433 1 1 51
4 1.01243918665328 1822443 2 1 51
5 0.679314795560107 1822443 2 1 51
6 1.36666666666667 1822443 2 1 51
1 0.985196199868692 1922531 1 1 51
2 0.929428239264322 1922531 1 1 51
3 0 1922531 1 1 51
1 1.05726399682856 1922532 1 1 51
2 0.924094129369414 1922532 1 1 51
3 2.17903930131004 1922532 1 1 51
1 1.04108551179675 1922533 1 1 51
2 0.918598379780721 1922533 1 1 51
3 1.08951965065502 1922533 1 1 51
4 0.881468049681917 1922541 2 1 51
5 0.538761805081592 1922541 2 1 51
6 0.683333333333333 1922541 2 1 51
4 1.03109285135529 1922542 2 1 51
5 0.667034902707773 1922542 2 1 51
6 1.36666666666667 1922542 2 1 51
4 0.968935940351767 1922543 2 1 51
5 0.532621858655425 1922543 2 1 51
6 0 1922543 2 1 51
1 0.915555175663597 1922631 1 1 51
2 0.897100300507302 1922631 1 1 51
3 0 1922631 1 1 51
1 0.969973716225128 1922633 1 1 51
2 0.886270441023701 1922633 1 1 51
3 0 1922633 1 1 51
1 1.00159530060548 1922731 1 1 51
2 0.856690377061028 1922731 1 1 51
3 1.08951965065502 1922731 1 1 51
1 0.94445583301587 1922732 1 1 51
2 0.853942502266681 1922732 1 1 51
3 0.544759825327511 1922732 1 1 51
1 0.857459706685746 1922733 1 1 51
2 0.848608392371773 1922733 1 1 51
3 2.17903930131004 1922733 1 1 51
4 0.96478335775026 1922741 2 1 51
5 1.31431841149041 1922741 2 1 51
6 3.41666666666667 1922741 2 1 51
4 0.983239280423627 1922742 2 1 51
5 1.19344283967888 1922742 2 1 51
6 2.73333333333333 1922742 2 1 51
4 0.890696011018601 1922743 2 1 51
5 0.63004727363448 1922743 2 1 51
6 2.05 1922743 2 1 51
