112141 22.567 1 48
112241 20.717 1 48
112242 2.217 1 48
112243 3.8 1 48
112342 14.317 1 48
112343 19.1 1 48
122442 5.933 1 48
122443 21.667 1 48
122541 21.567 1 48
122542 8.917 1 48
122543 18.433 1 48
122641 18.317 1 48
122642 18.317 1 48
122643 19.717 1 48
132743 21.133 1 49
132841 22.617 1 49
132842 31.533 1 49
132843 31.2 1 49
132941 19.25 1 49
132943 13 1 49
1421041 12.9 1 49
1521341 11.267 1 49
1521342 11.267 1 49
1521441 9.517 1 49
1521542 13.883 1 50
1521543 10.8 1 50
1621643 16.633 1 50
1621741 19.617 1 50
1621842 11.633 1 50
1621843 19.5 1 50
1721941 11.467 1 50
1722041 6.633 1 50
1722043 16.1 1 50
1722141 19.05 1 50
1722142 17.35 1 50
1722143 22.067 1 50
1822241 15.85 1 50
1822242 6.35 1 50
1822243 11.033 1 50
1822341 12.55 1 51
1822342 10.767 1 51
1822343 9.35 1 51
1822443 9.183 1 51
1922541 7.283 1 51
1922542 9.017 1 51
1922543 7.2 1 51
1922741 17.767 1 51
1922742 16.133 1 51
1922743 8.517 1 51
11022941 19.15 1 51
11022942 17.567 1 51
11022943 17.533 1 51
11023041 11.35 1 51
11023042 22.2 1 51
11123143 20.55 1 52
11123242 16.2 1 52
11123243 14.933 1 52
11123341 16.233 1 52
11123342 18.233 1 52
11123343 27.35 1 52
11323741 14.617 1 52
11323742 20.1 1 52
11323743 9.933 1 52
11323941 15.617 1 53
11323943 7.8 1 53
11424041 12.467 1 53
11424042 10.833 1 53
11424043 17.333 1 53
11424141 19.4 1 53
11424143 21.283 1 53
11424241 12.15 1 53
11424242 26.35 1 53
11524341 16.933 1 53
11524342 26.183 1 53
11524343 13.55 1 53
11524442 26.067 1 53
11524443 13.4 1 53
11524541 18.783 1 53
11524543 18.767 1 53
11624641 21.717 1 53
11624642 21.683 1 53
11624643 16.417 1 53
11624741 13.867 1 54
11624742 13.833 1 54
11624743 25.017 1 54
11624841 12.25 1 54
11624843 10.65 1 54
11724941 17.533 1 54
11724942 17.5 1 54
11724943 7.433 1 54
11725041 24.517 1 54
11725042 24.483 1 54
11725043 17.283 1 54
11725141 11.7 1 54
11725142 24.35 1 54
11725143 19.083 1 54
11825241 11.5 1 54
11825242 16.95 1 54
11825243 9.867 1 54
11825341 19.9 1 54
11825441 11.217 1 54
11825442 25.25 1 54
11825443 16.65 1 54
11925541 6.567 1 55
11925641 12.333 1 55
11925642 16.3 1 55
11925741 9.133 1 55
11925742 23.3 1 55
11925743 10.617 1 55
12025841 17.983 1 55
12025943 15.9 1 55
12026042 22.883 1 55
12026043 17.6 1 55
12126141 15.5 1 55
12126142 18.55 1 55
12126143 9.983 1 55
12126241 5.383 1 55
12126242 11.233 1 55
12126243 18.3 1 55
12126342 10.983 1 56
12126343 22.233 1 56
12226441 12.667 1 56
12226442 9.35 1 56
12226443 12.6 1 56
12226541 26.217 1 56
12226542 16.6 1 56
12226543 21.85 1 56
12226641 24.55 1 56
12226642 16.433 1 56
12226643 14.467 1 56
12326741 16.267 1 56
12326742 14.3 1 56
12326841 14.167 1 56
12326842 17.167 1 56
12326941 21.167 1 56
12326942 13.917 1 56
12326943 4.017 1 56
12427041 9.65 1 56
12427042 16.683 1 56
12427043 15.567 1 56
12427141 26.617 1 57
12427142 21.517 1 57
12427143 15.917 1 57
12527341 26.383 1 57
12527342 21.283 1 57
12527343 19.95 1 57
12527441 19.817 1 57
12527442 19.783 1 57
12527541 22.4 1 57
12527542 20.933 1 57
12527543 23.833 1 57
12627641 22.217 1 57
12627741 15.117 1 57
12627743 12 1 57
12627841 9.633 1 57
12627842 14.833 1 57
12727941 14.233 1 58
12727942 18.483 1 58
12727943 11.133 1 58
12728041 8.867 1 58
12728042 6.983 1 58
12728043 8.817 1 58
12728141 18.233 1 58
12728142 18.217 1 58
12728143 18.2 1 58
12828241 3.583 1 58
12828242 12.467 1 58
12828243 3.517 1 58
12828341 19.767 1 58
12828342 12.767 1 58
12828343 2.633 1 58
12828441 11.417 1 58
12828442 16.8 1 58
12928541 16.633 1 58
12928542 16.533 1 58
12928543 11.117 1 58
12928641 16.4 1 58
12928642 16.383 1 58
12928643 9.017 1 58
12928741 8.667 1 59
12928742 11.75 1 59
13028841 15.917 1 59
13028842 15.9 1 59
13028941 15.767 1 59
13028942 18.367 1 59
13028943 15.733 1 59
13029041 18.25 1 59
13029042 8.283 1 59
13029043 16.9 1 59
13129141 18.083 2 72
13129142 12.983 2 72
13129143 5.233 2 72
13129241 2.333 2 72
13129242 5.083 2 72
13129243 10.117 2 72
13229441 12.433 2 73
13229442 10.833 2 73
13229443 3.05 2 73
13229541 21.25 2 73
13229542 12.183 2 73
13229543 17.233 2 73
13229641 2.5 2 73
13229642 15.183 2 73
13229643 15.167 2 73
13329741 11.65 2 73
13329742 20.667 2 73
13329743 20.65 2 73
13329841 16.467 2 73
13329843 25.267 2 73
13329941 16.333 2 73
13329942 20.267 2 73
13329943 21.533 2 73
134210041 27.167 2 73
134210043 28.65 2 73
134210141 18.25 2 74
134210142 24.583 2 74
134210143 17.217 2 74
134210241 20.883 2 74
134210242 24.45 2 74
134210243 19.6 2 74
135210341 24.267 2 74
135210342 15.4 2 74
135210343 19.4 2 74
135210441 25.183 2 74
135210442 19.233 2 74
135210443 19.217 2 74
135210541 27.6 2 74
135210542 20.35 2 74
135210543 20.333 2 74
136210641 16.433 2 74
136210642 11.683 2 74
136210643 16.4 2 74
136210741 11.55 2 74
136210742 21.5 2 74
136210743 16.25 2 74
136210841 21.4 2 74
136210842 14.65 2 74
136210843 18.6 2 74
137210942 25.067 2 75
137210943 21.8 2 75
137211041 7.583 2 75
137211141 12.133 2 75
137211142 26.433 2 75
137211143 22.25 2 75
138211241 10.683 2 75
138211242 2.617 2 75
138211243 8.633 2 75
138211341 10.533 2 75
138211342 12 2 75
138211343 13.617 2 75
138211441 8.45 2 75
138211443 8.417 2 75
140211841 15.633 2 76
140211842 13.233 2 76
140211843 14.65 2 76
140211941 3.133 2 76
140211942 20.167 2 76
140211943 25.4 2 76
140212041 17.683 2 76
140212042 19.117 2 76
140212043 19.983 2 76
141212141 4.717 3 103
141212142 4.683 3 103
141212143 21.367 3 103
141212241 2.867 3 103
141212242 5.767 3 103
141212243 7.45 3 103
141212341 2.617 3 103
141212342 14.933 3 103
141212343 18.35 3 103
142212442 1.167 3 103
142212443 18.133 3 103
142212541 22.15 3 103
142212542 3.583 3 103
142212543 12.767 3 103
142212641 12.583 3 103
142212642 20.133 3 103
142212643 15.683 3 103
143212741 6.383 3 103
143212742 12.35 3 103
143212743 14.017 3 103
143212841 7.85 3 104
143212842 12.383 3 104
143212843 7.783 3 104
143212941 6.25 3 104
143212942 10.883 3 104
143212943 6.183 3 104
144213041 14.967 3 104
144213042 2.467 3 104
144213043 4.6 3 104
144213141 10.417 3 104
144213142 14.767 3 104
144213143 10.367 3 104
144213241 4.283 3 104
144213242 7.917 3 104
144213243 4.217 3 104
145213341 14.35 3 104
145213342 21.083 3 104
145213343 9.883 3 104
145213441 7.933 3 104
145213442 7.833 3 104
145213443 4.8 3 104
145213541 17.017 3 104
145213543 12.117 3 104
146213641 15.767 3 105
146213642 11.15 3 105
146213643 12.75 3 105
146213741 6.667 3 105
146213742 13.95 3 105
146213743 10.933 3 105
146213841 9.25 3 105
146213843 6.45 3 105
147213941 3.967 3 105
147213942 6.317 3 105
147213943 25.05 3 105
147214041 7.367 3 105
147214042 8.683 3 105
147214043 5.917 3 105
147214141 7.183 3 105
147214142 7.117 3 105
148214241 6.967 3 105
148214242 6.95 3 105
148214243 8.283 3 105
148214341 8.183 3 105
148214342 5.4 3 105
148214343 9.683 3 105
148214441 10.167 3 106
148214442 10.133 3 106
148214443 11.483 3 106
149214541 11.3 3 106
149214542 8.4 3 106
149214543 8.35 3 106
149214641 14.3 3 106
149214642 5.85 3 106
149214643 8.167 3 106
149214741 8.017 3 106
149214742 8 3 106
149214743 7.95 3 106
150214841 12.067 3 106
150214842 5.283 3 106
150214843 7.6 3 106
150214941 11.867 3 106
150214942 7.417 3 106
150214943 7.4 3 106
150215041 4.95 3 106
150215042 13.333 3 106
150215043 7.217 3 106
151215141 7.1 3 106
151215142 8.567 3 106
151215143 7.033 3 106
151215241 11.967 3 107
151215242 8.283 3 107
151215243 10.517 3 107
151215341 8.083 3 107
151215342 8.05 3 107
151215343 14.767 3 107
152215441 4.3 3 107
152215442 10.167 3 107
152215443 10.133 3 107
152215542 10.017 3 107
152215543 14.433 3 107
152215641 11.233 3 107
152215642 7.55 3 107
152215643 6.183 3 107
153215741 20.25 3 107
153215742 9.65 3 107
153215743 5.033 3 107
153215841 5.85 3 107
153215842 13.9 3 107
153215843 9.417 3 107
153215941 6.983 3 107
153215943 16.683 3 107
154216041 8.433 3 108
154216042 8.383 3 108
154216043 8.367 3 108
154216141 9.6 3 108
154216142 14.733 3 108
154216143 4.133 3 108
154216241 11.667 3 108
154216242 9.367 3 108
154216243 4.767 3 108
155216341 6.917 3 108
155216342 9.183 3 108
155216343 9.167 3 108
155216441 14.217 3 108
155216442 5.383 3 108
155216443 5.35 3 108
155216541 6.55 3 108
155216542 8.8 3 108
155216543 5.133 3 108
156216641 4.917 4 122
156216642 15.55 4 122
156216643 15.517 4 122
156216741 9.45 4 122
156216742 7.95 4 122
156216743 9.35 4 122
156216841 7.183 4 122
156216842 11.483 4 122
156216843 16.367 4 122
157216941 8.417 4 122
157216942 12.8 4 122
157216943 11.25 4 122
157217042 6.783 4 122
157217043 14.1 4 122
157217141 9.917 4 122
157217142 4.533 4 122
157217143 11.367 4 122
158217242 9.75 4 122
158217243 17.483 4 122
158217341 11.15 4 123
158217342 14.45 4 123
158217343 14.433 4 123
158217441 12.417 4 123
158217442 6.467 4 123
158217443 14.267 4 123
159217541 16.983 4 123
159217543 15.35 4 123
159217642 9.083 4 123
159217741 15.1 4 123
159217742 10.317 4 123
159217743 8.867 4 123
160217841 12.1 4 123
160217842 12.067 4 123
160217843 7.2 4 123
160217941 14.717 4 123
160217942 16.517 4 123
160217943 16.483 4 123
160218041 16.367 4 123
160218042 17.5 4 123
161218141 9.3 4 124
161218142 7.85 4 124
161218143 9.233 4 124
161218241 10.817 4 124
161218242 13.617 4 124
161218243 10.733 4 124
161218342 16.5 4 124
161218343 13.383 4 124
162218441 13.3 4 124
162218442 17.85 4 124
162218443 19.4 4 124
162218541 7.033 4 124
162218542 7 4 124
162218543 11.467 4 124
162218642 15.883 4 124
162218643 8 4 124
163218841 10.9 4 124
163218842 7.683 4 124
163218843 9.567 4 124
163218941 14.9 4 124
163218942 13.617 4 124
163218943 4.15 4 124
